TIMESTAMP, M0, M1, M2, M3, M4, M5, M6, M7, I0, I1, I2, I3, I4, I5, I6, I7, Q0, Q1, Q2, Q3, Q4, Q5, Q6, Q7, T0, T1, T2, T3, T4, T5, T6, T7, C0, C1, C2, C3, C4, C5, C6, C7
'16:56:18', 0.25, 0, 1, 0, 0, 0, 0, 0, 0.25, 0, 0, 0, 0, 0, 0, 0, 0.25, 0.25, 0.25, 0, 0, 0, 0.5, 0.5, 0, 0, 0, 0, 0, 0, 0, 0, 0, 0, 0.25, 0, 0, 0, 0, 0
'16:56:18', 0.25, 0.25, 0.5, 0, 0, 0, 0, 0, 0.25, 0.25, 0, 0, 0, 0, 0, 0, 0, 0, 0, 0.25, 0.25, 0.25, 0.5, 0.5, 0.25, 0, 0, 0, 0, 0, 0, 0, 0, 0, 0, 0, 0, 0, 0, 0
'16:56:18', 0, 0.25, 1, 0, 0, 0, 0, 0, 0, 0, 0.25, 0, 0, 0, 0, 0, 0, 0, 0, 0, 0, 0, 1, 1, 0, 0, 0, 0, 0, 0, 0, 0, 0.25, 0, 0, 0, 0, 0, 0, 0
'16:56:19', 0.25, 0, 1, 0, 0, 0, 0, 0, 0.25, 0, 0, 0, 0, 0, 0, 0, 0.25, 0.25, 0.25, 0, 0, 0, 0.5, 0.5, 0, 0, 0, 0, 0, 0, 0, 0, 0, 0, 0.25, 0, 0, 0, 0, 0
'16:56:19', 0.25, 0.25, 0.5, 0, 0, 0, 0, 0, 0.25, 0.25, 0, 0, 0, 0, 0, 0, 0, 0, 0, 0.25, 0.25, 0.25, 0.5, 0.5, 0.25, 0, 0, 0, 0, 0, 0, 0, 0, 0, 0, 0, 0, 0, 0, 0
'16:56:19', 0, 0.25, 1, 0, 0, 0, 0, 0, 0, 0, 0.25, 0, 0, 0, 0, 0, 0, 0, 0, 0, 0, 0, 1, 1, 0, 0, 0, 0, 0, 0, 0, 0, 0.25, 0, 0, 0, 0, 0, 0, 0
'16:56:20', 0.25, 0, 1, 0, 0, 0, 0, 0, 0.25, 0, 0, 0, 0, 0, 0, 0, 0.25, 0.25, 0.25, 0, 0, 0, 0.5, 0.5, 0, 0, 0, 0, 0, 0, 0, 0, 0, 0, 0.25, 0, 0, 0, 0, 0
'16:56:20', 0.25, 0.25, 0.5, 0, 0, 0, 0, 0, 0.25, 0.25, 0, 0, 0, 0, 0, 0, 0, 0, 0, 0.25, 0.25, 0.25, 0.5, 0.5, 0.25, 0, 0, 0, 0, 0, 0, 0, 0, 0, 0, 0, 0, 0, 0, 0
'16:56:20', 0, 0.25, 1, 0, 0, 0, 0, 0, 0, 0, 0.25, 0, 0, 0, 0, 0, 0, 0, 0, 0, 0, 0, 1, 1, 0, 0, 0, 0, 0, 0, 0, 0, 0.25, 0, 0, 0, 0, 0, 0, 0
'16:56:22', 0.25, 0, 1, 0, 0, 0, 0, 0, 0.25, 0, 0, 0, 0, 0, 0, 0, 0.25, 0.25, 0.25, 0, 0, 0, 0.5, 0.5, 0, 0, 0, 0, 0, 0, 0, 0, 0, 0, 0.25, 0, 0, 0, 0, 0
'16:56:22', 0.25, 0.25, 0.5, 0, 0, 0, 0, 0, 0.25, 0.25, 0, 0, 0, 0, 0, 0, 0, 0, 0, 0.25, 0.25, 0.25, 0.5, 0.5, 0.25, 0, 0, 0, 0, 0, 0, 0, 0, 0, 0, 0, 0, 0, 0, 0
'16:56:22', 0, 0.25, 1, 0, 0, 0, 0, 0, 0, 0, 0.25, 0, 0, 0, 0, 0, 0, 0, 0, 0, 0, 0, 1, 1, 0, 0, 0, 0, 0, 0, 0, 0, 0.25, 0, 0, 0, 0, 0, 0, 0
'16:56:23', 0.25, 0, 1, 0, 0, 0, 0, 0, 0.25, 0, 0, 0, 0, 0, 0, 0, 0.25, 0.25, 0.25, 0, 0, 0, 0.5, 0.5, 0, 0, 0, 0, 0, 0, 0, 0, 0, 0, 0.25, 0, 0, 0, 0, 0
'16:56:23', 0.25, 0.25, 0.5, 0, 0, 0, 0, 0, 0.25, 0.25, 0, 0, 0, 0, 0, 0, 0, 0, 0, 0.25, 0.25, 0.25, 0.5, 0.5, 0.25, 0, 0, 0, 0, 0, 0, 0, 0, 0, 0, 0, 0, 0, 0, 0
'16:56:23', 0, 0.25, 1, 0, 0, 0, 0, 0, 0, 0, 0.25, 0, 0, 0, 0, 0, 0, 0, 0, 0, 0, 0, 1, 1, 0, 0, 0, 0, 0, 0, 0, 0, 0.25, 0, 0, 0, 0, 0, 0, 0
'16:56:24', 0.25, 0, 1, 0, 0, 0, 0, 0, 0.25, 0, 0, 0, 0, 0, 0, 0, 0.25, 0.25, 0.25, 0, 0, 0, 0.5, 0.5, 0, 0, 0, 0, 0, 0, 0, 0, 0, 0, 0.25, 0, 0, 0, 0, 0
'16:56:24', 0.25, 0.25, 0.5, 0, 0, 0, 0, 0, 0.25, 0.25, 0, 0, 0, 0, 0, 0, 0, 0, 0, 0.25, 0.25, 0.25, 0.5, 0.5, 0.25, 0, 0, 0, 0, 0, 0, 0, 0, 0, 0, 0, 0, 0, 0, 0
'16:56:24', 0, 0.25, 1, 0, 0, 0, 0, 0, 0, 0, 0.25, 0, 0, 0, 0, 0, 0, 0, 0, 0, 0, 0, 1, 1, 0, 0, 0, 0, 0, 0, 0, 0, 0.25, 0, 0, 0, 0, 0, 0, 0
'16:56:25', 0.25, 0, 1, 0, 0, 0, 0, 0, 0.25, 0, 0, 0, 0, 0, 0, 0, 0.25, 0.25, 0.25, 0, 0, 0, 0.5, 0.5, 0, 0, 0, 0, 0, 0, 0, 0, 0, 0, 0.25, 0, 0, 0, 0, 0
'16:56:25', 0.25, 0.25, 0.5, 0, 0, 0, 0, 0, 0.25, 0.25, 0, 0, 0, 0, 0, 0, 0, 0, 0, 0.25, 0.25, 0.25, 0.5, 0.5, 0.25, 0, 0, 0, 0, 0, 0, 0, 0, 0, 0, 0, 0, 0, 0, 0
'16:56:25', 0, 0.25, 1, 0, 0, 0, 0, 0, 0, 0, 0.25, 0, 0, 0, 0, 0, 0, 0, 0, 0, 0, 0, 1, 1, 0, 0, 0, 0, 0, 0, 0, 0, 0.25, 0, 0, 0, 0, 0, 0, 0
'16:56:26', 0.25, 0, 1, 0, 0, 0, 0, 0, 0.25, 0, 0, 0, 0, 0, 0, 0, 0.25, 0.25, 0.25, 0, 0, 0, 0.5, 0.5, 0, 0, 0, 0, 0, 0, 0, 0, 0, 0, 0.25, 0, 0, 0, 0, 0
'16:56:26', 0.25, 0.25, 0.5, 0, 0, 0, 0, 0, 0.25, 0.25, 0, 0, 0, 0, 0, 0, 0, 0, 0, 0.25, 0.25, 0.25, 0.5, 0.5, 0.25, 0, 0, 0, 0, 0, 0, 0, 0, 0, 0, 0, 0, 0, 0, 0
'16:56:26', 0, 0.25, 1, 0, 0, 0, 0, 0, 0, 0, 0.25, 0, 0, 0, 0, 0, 0, 0, 0, 0, 0, 0, 1, 1, 0, 0, 0, 0, 0, 0, 0, 0, 0.25, 0, 0, 0, 0, 0, 0, 0
'16:56:27', 0.25, 0, 1, 0, 0, 0, 0, 0, 0.25, 0, 0, 0, 0, 0, 0, 0, 0.25, 0.25, 0.25, 0, 0, 0, 0.5, 0.5, 0, 0, 0, 0, 0, 0, 0, 0, 0, 0, 0.25, 0, 0, 0, 0, 0
'16:56:27', 0.25, 0.25, 0.5, 0, 0, 0, 0, 0, 0.25, 0.25, 0, 0, 0, 0, 0, 0, 0, 0, 0, 0.25, 0.25, 0.25, 0.5, 0.5, 0.25, 0, 0, 0, 0, 0, 0, 0, 0, 0, 0, 0, 0, 0, 0, 0
'16:56:27', 0, 0.25, 1, 0, 0, 0, 0, 0, 0, 0, 0.25, 0, 0, 0, 0, 0, 0, 0, 0, 0, 0, 0, 1, 1, 0, 0, 0, 0, 0, 0, 0, 0, 0.25, 0, 0, 0, 0, 0, 0, 0
'16:56:28', 0.25, 0, 1, 0, 0, 0, 0, 0, 0.25, 0, 0, 0, 0, 0, 0, 0, 0.25, 0.25, 0.25, 0, 0, 0, 0.5, 0.5, 0, 0, 0, 0, 0, 0, 0, 0, 0, 0, 0.25, 0, 0, 0, 0, 0
'16:56:28', 0.25, 0.25, 0.5, 0, 0, 0, 0, 0, 0.25, 0.25, 0, 0, 0, 0, 0, 0, 0, 0, 0, 0.25, 0.25, 0.25, 0.5, 0.5, 0.25, 0, 0, 0, 0, 0, 0, 0, 0, 0, 0, 0, 0, 0, 0, 0
'16:56:28', 0, 0.25, 1, 0, 0, 0, 0, 0, 0, 0, 0.25, 0, 0, 0, 0, 0, 0, 0, 0, 0, 0, 0, 1, 1, 0, 0, 0, 0, 0, 0, 0, 0, 0.25, 0, 0, 0, 0, 0, 0, 0
'16:56:29', 0.25, 0, 1, 0, 0, 0, 0, 0, 0.25, 0, 0, 0, 0, 0, 0, 0, 0.25, 0.25, 0.25, 0, 0, 0, 0.5, 0.5, 0, 0, 0, 0, 0, 0, 0, 0, 0, 0, 0.25, 0, 0, 0, 0, 0
'16:56:29', 0.25, 0.25, 0.5, 0, 0, 0, 0, 0, 0.25, 0.25, 0, 0, 0, 0, 0, 0, 0, 0, 0, 0.25, 0.25, 0.25, 0.5, 0.5, 0.25, 0, 0, 0, 0, 0, 0, 0, 0, 0, 0, 0, 0, 0, 0, 0
'16:56:29', 0, 0.25, 1, 0, 0, 0, 0, 0, 0, 0, 0.25, 0, 0, 0, 0, 0, 0, 0, 0, 0, 0, 0, 1, 1, 0, 0, 0, 0, 0, 0, 0, 0, 0.25, 0, 0, 0, 0, 0, 0, 0
'16:56:30', 0.25, 0, 1, 0, 0, 0, 0, 0, 0.25, 0, 0, 0, 0, 0, 0, 0, 0.25, 0.25, 0.25, 0, 0, 0, 0.5, 0.5, 0, 0, 0, 0, 0, 0, 0, 0, 0, 0, 0.25, 0, 0, 0, 0, 0
'16:56:30', 0.25, 0.25, 0.5, 0, 0, 0, 0, 0, 0.25, 0.25, 0, 0, 0, 0, 0, 0, 0, 0, 0, 0.25, 0.25, 0.25, 0.5, 0.5, 0.25, 0, 0, 0, 0, 0, 0, 0, 0, 0, 0, 0, 0, 0, 0, 0
'16:56:30', 0, 0.25, 1, 0, 0, 0, 0, 0, 0, 0, 0.25, 0, 0, 0, 0, 0, 0, 0, 0, 0, 0, 0, 1, 1, 0, 0, 0, 0, 0, 0, 0, 0, 0.25, 0, 0, 0, 0, 0, 0, 0
'16:56:31', 0.25, 0, 1, 0, 0, 0, 0, 0, 0.25, 0, 0, 0, 0, 0, 0, 0, 0.25, 0.25, 0.25, 0, 0, 0, 0.5, 0.5, 0, 0, 0, 0, 0, 0, 0, 0, 0, 0, 0.25, 0, 0, 0, 0, 0
'16:56:31', 0.25, 0.25, 0.5, 0, 0, 0, 0, 0, 0.25, 0.25, 0, 0, 0, 0, 0, 0, 0, 0, 0, 0.25, 0.25, 0.25, 0.5, 0.5, 0.25, 0, 0, 0, 0, 0, 0, 0, 0, 0, 0, 0, 0, 0, 0, 0
'16:56:31', 0, 0.25, 1, 0, 0, 0, 0, 0, 0, 0, 0.25, 0, 0, 0, 0, 0, 0, 0, 0, 0, 0, 0, 1, 1, 0, 0, 0, 0, 0, 0, 0, 0, 0.25, 0, 0, 0, 0, 0, 0, 0
'16:56:32', 0.25, 0, 1, 0, 0, 0, 0, 0, 0.25, 0, 0, 0, 0, 0, 0, 0, 0.25, 0.25, 0.25, 0, 0, 0, 0.5, 0.5, 0, 0, 0, 0, 0, 0, 0, 0, 0, 0, 0.25, 0, 0, 0, 0, 0
'16:56:32', 0.25, 0.25, 0.5, 0, 0, 0, 0, 0, 0.25, 0.25, 0, 0, 0, 0, 0, 0, 0, 0, 0, 0.25, 0.25, 0.25, 0.5, 0.5, 0.25, 0, 0, 0, 0, 0, 0, 0, 0, 0, 0, 0, 0, 0, 0, 0
'16:56:32', 0, 0.25, 1, 0, 0, 0, 0, 0, 0, 0, 0.25, 0, 0, 0, 0, 0, 0, 0, 0, 0, 0, 0, 1, 1, 0, 0, 0, 0, 0, 0, 0, 0, 0.25, 0, 0, 0, 0, 0, 0, 0
'16:56:34', 0.25, 0, 1, 0, 0, 0, 0, 0, 0.25, 0, 0, 0, 0, 0, 0, 0, 0.25, 0.25, 0.25, 0, 0, 0, 0.5, 0.5, 0, 0, 0, 0, 0, 0, 0, 0, 0, 0, 0.25, 0, 0, 0, 0, 0
'16:56:34', 0.25, 0.25, 0.5, 0, 0, 0, 0, 0, 0.25, 0.25, 0, 0, 0, 0, 0, 0, 0, 0, 0, 0.25, 0.25, 0.25, 0.5, 0.5, 0.25, 0, 0, 0, 0, 0, 0, 0, 0, 0, 0, 0, 0, 0, 0, 0
'16:56:34', 0, 0.25, 1, 0, 0, 0, 0, 0, 0, 0, 0.25, 0, 0, 0, 0, 0, 0, 0, 0, 0, 0, 0, 1, 1, 0, 0, 0, 0, 0, 0, 0, 0, 0.25, 0, 0, 0, 0, 0, 0, 0
'16:56:35', 0.25, 0, 1, 0, 0, 0, 0, 0, 0.25, 0, 0, 0, 0, 0, 0, 0, 0.25, 0.25, 0.25, 0, 0, 0, 0.5, 0.5, 0, 0, 0, 0, 0, 0, 0, 0, 0, 0, 0.25, 0, 0, 0, 0, 0
'16:56:35', 0.25, 0.25, 0.5, 0, 0, 0, 0, 0, 0.25, 0.25, 0, 0, 0, 0, 0, 0, 0, 0, 0, 0.25, 0.25, 0.25, 0.5, 0.5, 0.25, 0, 0, 0, 0, 0, 0, 0, 0, 0, 0, 0, 0, 0, 0, 0
'16:56:35', 0, 0.25, 1, 0, 0, 0, 0, 0, 0, 0, 0.25, 0, 0, 0, 0, 0, 0, 0, 0, 0, 0, 0, 1, 1, 0, 0, 0, 0, 0, 0, 0, 0, 0.25, 0, 0, 0, 0, 0, 0, 0
'16:56:36', 0.25, 0, 1, 0, 0, 0, 0, 0, 0.25, 0, 0, 0, 0, 0, 0, 0, 0.25, 0.25, 0.25, 0, 0, 0, 0.5, 0.5, 0, 0, 0, 0, 0, 0, 0, 0, 0, 0, 0.25, 0, 0, 0, 0, 0
'16:56:36', 0.25, 0.25, 0.5, 0, 0, 0, 0, 0, 0.25, 0.25, 0, 0, 0, 0, 0, 0, 0, 0, 0, 0.25, 0.25, 0.25, 0.5, 0.5, 0.25, 0, 0, 0, 0, 0, 0, 0, 0, 0, 0, 0, 0, 0, 0, 0
'16:56:36', 0, 0.25, 1, 0, 0, 0, 0, 0, 0, 0, 0.25, 0, 0, 0, 0, 0, 0, 0, 0, 0, 0, 0, 1, 1, 0, 0, 0, 0, 0, 0, 0, 0, 0.25, 0, 0, 0, 0, 0, 0, 0
'16:56:37', 0.25, 0, 1, 0, 0, 0, 0, 0, 0.25, 0, 0, 0, 0, 0, 0, 0, 0.25, 0.25, 0.25, 0, 0, 0, 0.5, 0.5, 0, 0, 0, 0, 0, 0, 0, 0, 0, 0, 0.25, 0, 0, 0, 0, 0
'16:56:37', 0.25, 0.25, 0.5, 0, 0, 0, 0, 0, 0.25, 0.25, 0, 0, 0, 0, 0, 0, 0, 0, 0, 0.25, 0.25, 0.25, 0.5, 0.5, 0.25, 0, 0, 0, 0, 0, 0, 0, 0, 0, 0, 0, 0, 0, 0, 0
'16:56:37', 0, 0.25, 1, 0, 0, 0, 0, 0, 0, 0, 0.25, 0, 0, 0, 0, 0, 0, 0, 0, 0, 0, 0, 1, 1, 0, 0, 0, 0, 0, 0, 0, 0, 0.25, 0, 0, 0, 0, 0, 0, 0
'16:56:38', 0.25, 0, 1, 0, 0, 0, 0, 0, 0.25, 0, 0, 0, 0, 0, 0, 0, 0.25, 0.25, 0.25, 0, 0, 0, 0.5, 0.5, 0, 0, 0, 0, 0, 0, 0, 0, 0, 0, 0.25, 0, 0, 0, 0, 0
'16:56:38', 0.25, 0.25, 0.5, 0, 0, 0, 0, 0, 0.25, 0.25, 0, 0, 0, 0, 0, 0, 0, 0, 0, 0.25, 0.25, 0.25, 0.5, 0.5, 0.25, 0, 0, 0, 0, 0, 0, 0, 0, 0, 0, 0, 0, 0, 0, 0
'16:56:38', 0, 0.25, 1, 0, 0, 0, 0, 0, 0, 0, 0.25, 0, 0, 0, 0, 0, 0, 0, 0, 0, 0, 0, 1, 1, 0, 0, 0, 0, 0, 0, 0, 0, 0.25, 0, 0, 0, 0, 0, 0, 0
'16:56:39', 0.25, 0, 1, 0, 0, 0, 0, 0, 0.25, 0, 0, 0, 0, 0, 0, 0, 0.25, 0.25, 0.25, 0, 0, 0, 0.5, 0.5, 0, 0, 0, 0, 0, 0, 0, 0, 0, 0, 0.25, 0, 0, 0, 0, 0
'16:56:39', 0.25, 0.25, 0.5, 0, 0, 0, 0, 0, 0.25, 0.25, 0, 0, 0, 0, 0, 0, 0, 0, 0, 0.25, 0.25, 0.25, 0.5, 0.5, 0.25, 0, 0, 0, 0, 0, 0, 0, 0, 0, 0, 0, 0, 0, 0, 0
'16:56:39', 0, 0.25, 1, 0, 0, 0, 0, 0, 0, 0, 0.25, 0, 0, 0, 0, 0, 0, 0, 0, 0, 0, 0, 1, 1, 0, 0, 0, 0, 0, 0, 0, 0, 0.25, 0, 0, 0, 0, 0, 0, 0
'16:56:40', 0.25, 0, 1, 0, 0, 0, 0, 0, 0.25, 0, 0, 0, 0, 0, 0, 0, 0.25, 0.25, 0.25, 0, 0, 0, 0.5, 0.5, 0, 0, 0, 0, 0, 0, 0, 0, 0, 0, 0.25, 0, 0, 0, 0, 0
'16:56:40', 0.25, 0.25, 0.5, 0, 0, 0, 0, 0, 0.25, 0.25, 0, 0, 0, 0, 0, 0, 0, 0, 0, 0.25, 0.25, 0.25, 0.5, 0.5, 0.25, 0, 0, 0, 0, 0, 0, 0, 0, 0, 0, 0, 0, 0, 0, 0
'16:56:40', 0, 0.25, 1, 0, 0, 0, 0, 0, 0, 0, 0.25, 0, 0, 0, 0, 0, 0, 0, 0, 0, 0, 0, 1, 1, 0, 0, 0, 0, 0, 0, 0, 0, 0.25, 0, 0, 0, 0, 0, 0, 0
'16:56:41', 0.25, 0, 1, 0, 0, 0, 0, 0, 0.25, 0, 0, 0, 0, 0, 0, 0, 0.25, 0.25, 0.25, 0, 0, 0, 0.5, 0.5, 0, 0, 0, 0, 0, 0, 0, 0, 0, 0, 0.25, 0, 0, 0, 0, 0
'16:56:41', 0.25, 0.25, 0.5, 0, 0, 0, 0, 0, 0.25, 0.25, 0, 0, 0, 0, 0, 0, 0, 0, 0, 0.25, 0.25, 0.25, 0.5, 0.5, 0.25, 0, 0, 0, 0, 0, 0, 0, 0, 0, 0, 0, 0, 0, 0, 0
'16:56:41', 0, 0.25, 1, 0, 0, 0, 0, 0, 0, 0, 0.25, 0, 0, 0, 0, 0, 0, 0, 0, 0, 0, 0, 1, 1, 0, 0, 0, 0, 0, 0, 0, 0, 0.25, 0, 0, 0, 0, 0, 0, 0
'16:56:42', 0.25, 0, 1, 0, 0, 0, 0, 0, 0.25, 0, 0, 0, 0, 0, 0, 0, 0.25, 0.25, 0.25, 0, 0, 0, 0.5, 0.5, 0, 0, 0, 0, 0, 0, 0, 0, 0, 0, 0.25, 0, 0, 0, 0, 0
'16:56:42', 0.25, 0.25, 0.5, 0, 0, 0, 0, 0, 0.25, 0.25, 0, 0, 0, 0, 0, 0, 0, 0, 0, 0.25, 0.25, 0.25, 0.5, 0.5, 0.25, 0, 0, 0, 0, 0, 0, 0, 0, 0, 0, 0, 0, 0, 0, 0
'16:56:42', 0, 0.25, 1, 0, 0, 0, 0, 0, 0, 0, 0.25, 0, 0, 0, 0, 0, 0, 0, 0, 0, 0, 0, 1, 1, 0, 0, 0, 0, 0, 0, 0, 0, 0.25, 0, 0, 0, 0, 0, 0, 0
'16:56:43', 0.25, 0, 1, 0, 0, 0, 0, 0, 0.25, 0, 0, 0, 0, 0, 0, 0, 0.25, 0.25, 0.25, 0, 0, 0, 0.5, 0.5, 0, 0, 0, 0, 0, 0, 0, 0, 0, 0, 0.25, 0, 0, 0, 0, 0
'16:56:43', 0.25, 0.25, 0.5, 0, 0, 0, 0, 0, 0.25, 0.25, 0, 0, 0, 0, 0, 0, 0, 0, 0, 0.25, 0.25, 0.25, 0.5, 0.5, 0.25, 0, 0, 0, 0, 0, 0, 0, 0, 0, 0, 0, 0, 0, 0, 0
'16:56:43', 0, 0.25, 1, 0, 0, 0, 0, 0, 0, 0, 0.25, 0, 0, 0, 0, 0, 0, 0, 0, 0, 0, 0, 1, 1, 0, 0, 0, 0, 0, 0, 0, 0, 0.25, 0, 0, 0, 0, 0, 0, 0
'16:56:45', 0.25, 0, 1, 0, 0, 0, 0, 0, 0.25, 0, 0, 0, 0, 0, 0, 0, 0.25, 0.25, 0.25, 0, 0, 0, 0.5, 0.5, 0, 0, 0, 0, 0, 0, 0, 0, 0, 0, 0.25, 0, 0, 0, 0, 0
'16:56:45', 0.25, 0.25, 0.5, 0, 0, 0, 0, 0, 0.25, 0.25, 0, 0, 0, 0, 0, 0, 0, 0, 0, 0.25, 0.25, 0.25, 0.5, 0.5, 0.25, 0, 0, 0, 0, 0, 0, 0, 0, 0, 0, 0, 0, 0, 0, 0
'16:56:45', 0, 0.25, 1, 0, 0, 0, 0, 0, 0, 0, 0.25, 0, 0, 0, 0, 0, 0, 0, 0, 0, 0, 0, 1, 1, 0, 0, 0, 0, 0, 0, 0, 0, 0.25, 0, 0, 0, 0, 0, 0, 0
'16:56:46', 0.25, 0, 1, 0, 0, 0, 0, 0, 0.25, 0, 0, 0, 0, 0, 0, 0, 0.25, 0.25, 0.25, 0, 0, 0, 0.5, 0.5, 0, 0, 0, 0, 0, 0, 0, 0, 0, 0, 0.25, 0, 0, 0, 0, 0
'16:56:46', 0.25, 0.25, 0.5, 0, 0, 0, 0, 0, 0.25, 0.25, 0, 0, 0, 0, 0, 0, 0, 0, 0, 0.25, 0.25, 0.25, 0.5, 0.5, 0.25, 0, 0, 0, 0, 0, 0, 0, 0, 0, 0, 0, 0, 0, 0, 0
'16:56:46', 0, 0.25, 1, 0, 0, 0, 0, 0, 0, 0, 0.25, 0, 0, 0, 0, 0, 0, 0, 0, 0, 0, 0, 1, 1, 0, 0, 0, 0, 0, 0, 0, 0, 0.25, 0, 0, 0, 0, 0, 0, 0
'16:56:47', 0.25, 0, 1, 0, 0, 0, 0, 0, 0.25, 0, 0, 0, 0, 0, 0, 0, 0.25, 0.25, 0.25, 0, 0, 0, 0.5, 0.5, 0, 0, 0, 0, 0, 0, 0, 0, 0, 0, 0.25, 0, 0, 0, 0, 0
'16:56:47', 0.25, 0.25, 0.5, 0, 0, 0, 0, 0, 0.25, 0.25, 0, 0, 0, 0, 0, 0, 0, 0, 0, 0.25, 0.25, 0.25, 0.5, 0.5, 0.25, 0, 0, 0, 0, 0, 0, 0, 0, 0, 0, 0, 0, 0, 0, 0
'16:56:47', 0, 0.25, 1, 0, 0, 0, 0, 0, 0, 0, 0.25, 0, 0, 0, 0, 0, 0, 0, 0, 0, 0, 0, 1, 1, 0, 0, 0, 0, 0, 0, 0, 0, 0.25, 0, 0, 0, 0, 0, 0, 0
'16:56:48', 0.25, 0, 1, 0, 0, 0, 0, 0, 0.25, 0, 0, 0, 0, 0, 0, 0, 0.25, 0.25, 0.25, 0, 0, 0, 0.5, 0.5, 0, 0, 0, 0, 0, 0, 0, 0, 0, 0, 0.25, 0, 0, 0, 0, 0
'16:56:48', 0.25, 0.25, 0.5, 0, 0, 0, 0, 0, 0.25, 0.25, 0, 0, 0, 0, 0, 0, 0, 0, 0, 0.25, 0.25, 0.25, 0.5, 0.5, 0.25, 0, 0, 0, 0, 0, 0, 0, 0, 0, 0, 0, 0, 0, 0, 0
'16:56:48', 0, 0.25, 1, 0, 0, 0, 0, 0, 0, 0, 0.25, 0, 0, 0, 0, 0, 0, 0, 0, 0, 0, 0, 1, 1, 0, 0, 0, 0, 0, 0, 0, 0, 0.25, 0, 0, 0, 0, 0, 0, 0
'16:56:49', 0.25, 0, 1, 0, 0, 0, 0, 0, 0.25, 0, 0, 0, 0, 0, 0, 0, 0.25, 0.25, 0.25, 0, 0, 0, 0.5, 0.5, 0, 0, 0, 0, 0, 0, 0, 0, 0, 0, 0.25, 0, 0, 0, 0, 0
'16:56:49', 0.25, 0.25, 0.5, 0, 0, 0, 0, 0, 0.25, 0.25, 0, 0, 0, 0, 0, 0, 0, 0, 0, 0.25, 0.25, 0.25, 0.5, 0.5, 0.25, 0, 0, 0, 0, 0, 0, 0, 0, 0, 0, 0, 0, 0, 0, 0
'16:56:49', 0, 0.25, 1, 0, 0, 0, 0, 0, 0, 0, 0.25, 0, 0, 0, 0, 0, 0, 0, 0, 0, 0, 0, 1, 1, 0, 0, 0, 0, 0, 0, 0, 0, 0.25, 0, 0, 0, 0, 0, 0, 0
'16:56:50', 0.25, 0, 1, 0, 0, 0, 0, 0, 0.25, 0, 0, 0, 0, 0, 0, 0, 0.25, 0.25, 0.25, 0, 0, 0, 0.5, 0.5, 0, 0, 0, 0, 0, 0, 0, 0, 0, 0, 0.25, 0, 0, 0, 0, 0
'16:56:50', 0.25, 0.25, 0.5, 0, 0, 0, 0, 0, 0.25, 0.25, 0, 0, 0, 0, 0, 0, 0, 0, 0, 0.25, 0.25, 0.25, 0.5, 0.5, 0.25, 0, 0, 0, 0, 0, 0, 0, 0, 0, 0, 0, 0, 0, 0, 0
'16:56:50', 0, 0.25, 1, 0, 0, 0, 0, 0, 0, 0, 0.25, 0, 0, 0, 0, 0, 0, 0, 0, 0, 0, 0, 1, 1, 0, 0, 0, 0, 0, 0, 0, 0, 0.25, 0, 0, 0, 0, 0, 0, 0
'16:56:51', 0.25, 0, 1, 0, 0, 0, 0, 0, 0.25, 0, 0, 0, 0, 0, 0, 0, 0.25, 0.25, 0.25, 0, 0, 0, 0.5, 0.5, 0, 0, 0, 0, 0, 0, 0, 0, 0, 0, 0.25, 0, 0, 0, 0, 0
'16:56:51', 0.25, 0.25, 0.5, 0, 0, 0, 0, 0, 0.25, 0.25, 0, 0, 0, 0, 0, 0, 0, 0, 0, 0.25, 0.25, 0.25, 0.5, 0.5, 0.25, 0, 0, 0, 0, 0, 0, 0, 0, 0, 0, 0, 0, 0, 0, 0
'16:56:51', 0, 0.25, 1, 0, 0, 0, 0, 0, 0, 0, 0.25, 0, 0, 0, 0, 0, 0, 0, 0, 0, 0, 0, 1, 1, 0, 0, 0, 0, 0, 0, 0, 0, 0.25, 0, 0, 0, 0, 0, 0, 0
'16:56:52', 0.25, 0, 1, 0, 0, 0, 0, 0, 0.25, 0, 0, 0, 0, 0, 0, 0, 0.25, 0.25, 0.25, 0, 0, 0, 0.5, 0.5, 0, 0, 0, 0, 0, 0, 0, 0, 0, 0, 0.25, 0, 0, 0, 0, 0
'16:56:52', 0.25, 0.25, 0.5, 0, 0, 0, 0, 0, 0.25, 0.25, 0, 0, 0, 0, 0, 0, 0, 0, 0, 0.25, 0.25, 0.25, 0.5, 0.5, 0.25, 0, 0, 0, 0, 0, 0, 0, 0, 0, 0, 0, 0, 0, 0, 0
'16:56:52', 0, 0.25, 1, 0, 0, 0, 0, 0, 0, 0, 0.25, 0, 0, 0, 0, 0, 0, 0, 0, 0, 0, 0, 1, 1, 0, 0, 0, 0, 0, 0, 0, 0, 0.25, 0, 0, 0, 0, 0, 0, 0
'16:56:53', 0.25, 0, 1, 0, 0, 0, 0, 0, 0.25, 0, 0, 0, 0, 0, 0, 0, 0.25, 0.25, 0.25, 0, 0, 0, 0.5, 0.5, 0, 0, 0, 0, 0, 0, 0, 0, 0, 0, 0.25, 0, 0, 0, 0, 0
'16:56:53', 0.25, 0.25, 0.5, 0, 0, 0, 0, 0, 0.25, 0.25, 0, 0, 0, 0, 0, 0, 0, 0, 0, 0.25, 0.25, 0.25, 0.5, 0.5, 0.25, 0, 0, 0, 0, 0, 0, 0, 0, 0, 0, 0, 0, 0, 0, 0
'16:56:53', 0, 0.25, 1, 0, 0, 0, 0, 0, 0, 0, 0.25, 0, 0, 0, 0, 0, 0, 0, 0, 0, 0, 0, 1, 1, 0, 0, 0, 0, 0, 0, 0, 0, 0.25, 0, 0, 0, 0, 0, 0, 0
'16:56:55', 0.25, 0, 1, 0, 0, 0, 0, 0, 0.25, 0, 0, 0, 0, 0, 0, 0, 0.25, 0.25, 0.25, 0, 0, 0, 0.5, 0.5, 0, 0, 0, 0, 0, 0, 0, 0, 0, 0, 0.25, 0, 0, 0, 0, 0
'16:56:55', 0.25, 0.25, 0.5, 0, 0, 0, 0, 0, 0.25, 0.25, 0, 0, 0, 0, 0, 0, 0, 0, 0, 0.25, 0.25, 0.25, 0.5, 0.5, 0.25, 0, 0, 0, 0, 0, 0, 0, 0, 0, 0, 0, 0, 0, 0, 0
'16:56:55', 0, 0.25, 1, 0, 0, 0, 0, 0, 0, 0, 0.25, 0, 0, 0, 0, 0, 0, 0, 0, 0, 0, 0, 1, 1, 0, 0, 0, 0, 0, 0, 0, 0, 0.25, 0, 0, 0, 0, 0, 0, 0
'16:56:56', 0.25, 0, 1, 0, 0, 0, 0, 0, 0.25, 0, 0, 0, 0, 0, 0, 0, 0.25, 0.25, 0.25, 0, 0, 0, 0.5, 0.5, 0, 0, 0, 0, 0, 0, 0, 0, 0, 0, 0.25, 0, 0, 0, 0, 0
'16:56:56', 0.25, 0.25, 0.5, 0, 0, 0, 0, 0, 0.25, 0.25, 0, 0, 0, 0, 0, 0, 0, 0, 0, 0.25, 0.25, 0.25, 0.5, 0.5, 0.25, 0, 0, 0, 0, 0, 0, 0, 0, 0, 0, 0, 0, 0, 0, 0
'16:56:56', 0, 0.25, 1, 0, 0, 0, 0, 0, 0, 0, 0.25, 0, 0, 0, 0, 0, 0, 0, 0, 0, 0, 0, 1, 1, 0, 0, 0, 0, 0, 0, 0, 0, 0.25, 0, 0, 0, 0, 0, 0, 0
'16:56:57', 0.25, 0, 1, 0, 0, 0, 0, 0, 0.25, 0, 0, 0, 0, 0, 0, 0, 0.25, 0.25, 0.25, 0, 0, 0, 0.5, 0.5, 0, 0, 0, 0, 0, 0, 0, 0, 0, 0, 0.25, 0, 0, 0, 0, 0
'16:56:57', 0.25, 0.25, 0.5, 0, 0, 0, 0, 0, 0.25, 0.25, 0, 0, 0, 0, 0, 0, 0, 0, 0, 0.25, 0.25, 0.25, 0.5, 0.5, 0.25, 0, 0, 0, 0, 0, 0, 0, 0, 0, 0, 0, 0, 0, 0, 0
'16:56:57', 0, 0.25, 1, 0, 0, 0, 0, 0, 0, 0, 0.25, 0, 0, 0, 0, 0, 0, 0, 0, 0, 0, 0, 1, 1, 0, 0, 0, 0, 0, 0, 0, 0, 0.25, 0, 0, 0, 0, 0, 0, 0
'16:56:58', 0.25, 0, 1, 0, 0, 0, 0, 0, 0.25, 0, 0, 0, 0, 0, 0, 0, 0.25, 0.25, 0.25, 0, 0, 0, 0.5, 0.5, 0, 0, 0, 0, 0, 0, 0, 0, 0, 0, 0.25, 0, 0, 0, 0, 0
'16:56:58', 0.25, 0.25, 0.5, 0, 0, 0, 0, 0, 0.25, 0.25, 0, 0, 0, 0, 0, 0, 0, 0, 0, 0.25, 0.25, 0.25, 0.5, 0.5, 0.25, 0, 0, 0, 0, 0, 0, 0, 0, 0, 0, 0, 0, 0, 0, 0
'16:56:58', 0, 0.25, 1, 0, 0, 0, 0, 0, 0, 0, 0.25, 0, 0, 0, 0, 0, 0, 0, 0, 0, 0, 0, 1, 1, 0, 0, 0, 0, 0, 0, 0, 0, 0.25, 0, 0, 0, 0, 0, 0, 0
'16:56:59', 0.25, 0, 1, 0, 0, 0, 0, 0, 0.25, 0, 0, 0, 0, 0, 0, 0, 0.25, 0.25, 0.25, 0, 0, 0, 0.5, 0.5, 0, 0, 0, 0, 0, 0, 0, 0, 0, 0, 0.25, 0, 0, 0, 0, 0
'16:56:59', 0.25, 0.25, 0.5, 0, 0, 0, 0, 0, 0.25, 0.25, 0, 0, 0, 0, 0, 0, 0, 0, 0, 0.25, 0.25, 0.25, 0.5, 0.5, 0.25, 0, 0, 0, 0, 0, 0, 0, 0, 0, 0, 0, 0, 0, 0, 0
'16:56:59', 0, 0.25, 1, 0, 0, 0, 0, 0, 0, 0, 0.25, 0, 0, 0, 0, 0, 0, 0, 0, 0, 0, 0, 1, 1, 0, 0, 0, 0, 0, 0, 0, 0, 0.25, 0, 0, 0, 0, 0, 0, 0
'16:57:00', 0.25, 0, 1, 0, 0, 0, 0, 0, 0.25, 0, 0, 0, 0, 0, 0, 0, 0.25, 0.25, 0.25, 0, 0, 0, 0.5, 0.5, 0, 0, 0, 0, 0, 0, 0, 0, 0, 0, 0.25, 0, 0, 0, 0, 0
'16:57:00', 0.25, 0.25, 0.5, 0, 0, 0, 0, 0, 0.25, 0.25, 0, 0, 0, 0, 0, 0, 0, 0, 0, 0.25, 0.25, 0.25, 0.5, 0.5, 0.25, 0, 0, 0, 0, 0, 0, 0, 0, 0, 0, 0, 0, 0, 0, 0
'16:57:00', 0, 0.25, 1, 0, 0, 0, 0, 0, 0, 0, 0.25, 0, 0, 0, 0, 0, 0, 0, 0, 0, 0, 0, 1, 1, 0, 0, 0, 0, 0, 0, 0, 0, 0.25, 0, 0, 0, 0, 0, 0, 0
'16:57:01', 0.25, 0, 1, 0, 0, 0, 0, 0, 0.25, 0, 0, 0, 0, 0, 0, 0, 0.25, 0.25, 0.25, 0, 0, 0, 0.5, 0.5, 0, 0, 0, 0, 0, 0, 0, 0, 0, 0, 0.25, 0, 0, 0, 0, 0
'16:57:01', 0.25, 0.25, 0.5, 0, 0, 0, 0, 0, 0.25, 0.25, 0, 0, 0, 0, 0, 0, 0, 0, 0, 0.25, 0.25, 0.25, 0.5, 0.5, 0.25, 0, 0, 0, 0, 0, 0, 0, 0, 0, 0, 0, 0, 0, 0, 0
'16:57:01', 0, 0.25, 1, 0, 0, 0, 0, 0, 0, 0, 0.25, 0, 0, 0, 0, 0, 0, 0, 0, 0, 0, 0, 1, 1, 0, 0, 0, 0, 0, 0, 0, 0, 0.25, 0, 0, 0, 0, 0, 0, 0
'16:57:02', 0.25, 0, 1, 0, 0, 0, 0, 0, 0.25, 0, 0, 0, 0, 0, 0, 0, 0.25, 0.25, 0.25, 0, 0, 0, 0.5, 0.5, 0, 0, 0, 0, 0, 0, 0, 0, 0, 0, 0.25, 0, 0, 0, 0, 0
'16:57:02', 0.25, 0.25, 0.5, 0, 0, 0, 0, 0, 0.25, 0.25, 0, 0, 0, 0, 0, 0, 0, 0, 0, 0.25, 0.25, 0.25, 0.5, 0.5, 0.25, 0, 0, 0, 0, 0, 0, 0, 0, 0, 0, 0, 0, 0, 0, 0
'16:57:02', 0, 0.25, 1, 0, 0, 0, 0, 0, 0, 0, 0.25, 0, 0, 0, 0, 0, 0, 0, 0, 0, 0, 0, 1, 1, 0, 0, 0, 0, 0, 0, 0, 0, 0.25, 0, 0, 0, 0, 0, 0, 0
'16:57:03', 0.25, 0, 1, 0, 0, 0, 0, 0, 0.25, 0, 0, 0, 0, 0, 0, 0, 0.25, 0.25, 0.25, 0, 0, 0, 0.5, 0.5, 0, 0, 0, 0, 0, 0, 0, 0, 0, 0, 0.25, 0, 0, 0, 0, 0
'16:57:03', 0.25, 0.25, 0.5, 0, 0, 0, 0, 0, 0.25, 0.25, 0, 0, 0, 0, 0, 0, 0, 0, 0, 0.25, 0.25, 0.25, 0.5, 0.5, 0.25, 0, 0, 0, 0, 0, 0, 0, 0, 0, 0, 0, 0, 0, 0, 0
'16:57:03', 0, 0.25, 1, 0, 0, 0, 0, 0, 0, 0, 0.25, 0, 0, 0, 0, 0, 0, 0, 0, 0, 0, 0, 1, 1, 0, 0, 0, 0, 0, 0, 0, 0, 0.25, 0, 0, 0, 0, 0, 0, 0
'16:57:05', 0.25, 0, 1, 0, 0, 0, 0, 0, 0.25, 0, 0, 0, 0, 0, 0, 0, 0.25, 0.25, 0.25, 0, 0, 0, 0.5, 0.5, 0, 0, 0, 0, 0, 0, 0, 0, 0, 0, 0.25, 0, 0, 0, 0, 0
'16:57:05', 0.25, 0.25, 0.5, 0, 0, 0, 0, 0, 0.25, 0.25, 0, 0, 0, 0, 0, 0, 0, 0, 0, 0.25, 0.25, 0.25, 0.5, 0.5, 0.25, 0, 0, 0, 0, 0, 0, 0, 0, 0, 0, 0, 0, 0, 0, 0
'16:57:05', 0, 0.25, 1, 0, 0, 0, 0, 0, 0, 0, 0.25, 0, 0, 0, 0, 0, 0, 0, 0, 0, 0, 0, 1, 1, 0, 0, 0, 0, 0, 0, 0, 0, 0.25, 0, 0, 0, 0, 0, 0, 0
'16:57:06', 0.25, 0, 1, 0, 0, 0, 0, 0, 0.25, 0, 0, 0, 0, 0, 0, 0, 0.25, 0.25, 0.25, 0, 0, 0, 0.5, 0.5, 0, 0, 0, 0, 0, 0, 0, 0, 0, 0, 0.25, 0, 0, 0, 0, 0
'16:57:06', 0.25, 0.25, 0.5, 0, 0, 0, 0, 0, 0.25, 0.25, 0, 0, 0, 0, 0, 0, 0, 0, 0, 0.25, 0.25, 0.25, 0.5, 0.5, 0.25, 0, 0, 0, 0, 0, 0, 0, 0, 0, 0, 0, 0, 0, 0, 0
'16:57:06', 0, 0.25, 1, 0, 0, 0, 0, 0, 0, 0, 0.25, 0, 0, 0, 0, 0, 0, 0, 0, 0, 0, 0, 1, 1, 0, 0, 0, 0, 0, 0, 0, 0, 0.25, 0, 0, 0, 0, 0, 0, 0
'16:57:07', 0.25, 0, 1, 0, 0, 0, 0, 0, 0.25, 0, 0, 0, 0, 0, 0, 0, 0.25, 0.25, 0.25, 0, 0, 0, 0.5, 0.5, 0, 0, 0, 0, 0, 0, 0, 0, 0, 0, 0.25, 0, 0, 0, 0, 0
'16:57:07', 0.25, 0.25, 0.5, 0, 0, 0, 0, 0, 0.25, 0.25, 0, 0, 0, 0, 0, 0, 0, 0, 0, 0.25, 0.25, 0.25, 0.5, 0.5, 0.25, 0, 0, 0, 0, 0, 0, 0, 0, 0, 0, 0, 0, 0, 0, 0
'16:57:07', 0, 0.25, 1, 0, 0, 0, 0, 0, 0, 0, 0.25, 0, 0, 0, 0, 0, 0, 0, 0, 0, 0, 0, 1, 1, 0, 0, 0, 0, 0, 0, 0, 0, 0.25, 0, 0, 0, 0, 0, 0, 0
'16:57:08', 0.25, 0, 1, 0, 0, 0, 0, 0, 0.25, 0, 0, 0, 0, 0, 0, 0, 0.25, 0.25, 0.25, 0, 0, 0, 0.5, 0.5, 0, 0, 0, 0, 0, 0, 0, 0, 0, 0, 0.25, 0, 0, 0, 0, 0
'16:57:08', 0.25, 0.25, 0.5, 0, 0, 0, 0, 0, 0.25, 0.25, 0, 0, 0, 0, 0, 0, 0, 0, 0, 0.25, 0.25, 0.25, 0.5, 0.5, 0.25, 0, 0, 0, 0, 0, 0, 0, 0, 0, 0, 0, 0, 0, 0, 0
'16:57:08', 0, 0.25, 1, 0, 0, 0, 0, 0, 0, 0, 0.25, 0, 0, 0, 0, 0, 0, 0, 0, 0, 0, 0, 1, 1, 0, 0, 0, 0, 0, 0, 0, 0, 0.25, 0, 0, 0, 0, 0, 0, 0
'16:57:09', 0.25, 0, 1, 0, 0, 0, 0, 0, 0.25, 0, 0, 0, 0, 0, 0, 0, 0.25, 0.25, 0.25, 0, 0, 0, 0.5, 0.5, 0, 0, 0, 0, 0, 0, 0, 0, 0, 0, 0.25, 0, 0, 0, 0, 0
'16:57:09', 0.25, 0.25, 0.5, 0, 0, 0, 0, 0, 0.25, 0.25, 0, 0, 0, 0, 0, 0, 0, 0, 0, 0.25, 0.25, 0.25, 0.5, 0.5, 0.25, 0, 0, 0, 0, 0, 0, 0, 0, 0, 0, 0, 0, 0, 0, 0
'16:57:09', 0, 0.25, 1, 0, 0, 0, 0, 0, 0, 0, 0.25, 0, 0, 0, 0, 0, 0, 0, 0, 0, 0, 0, 1, 1, 0, 0, 0, 0, 0, 0, 0, 0, 0.25, 0, 0, 0, 0, 0, 0, 0
'16:57:10', 0.25, 0, 1, 0, 0, 0, 0, 0, 0.25, 0, 0, 0, 0, 0, 0, 0, 0.25, 0.25, 0.25, 0, 0, 0, 0.5, 0.5, 0, 0, 0, 0, 0, 0, 0, 0, 0, 0, 0.25, 0, 0, 0, 0, 0
'16:57:10', 0.25, 0.25, 0.5, 0, 0, 0, 0, 0, 0.25, 0.25, 0, 0, 0, 0, 0, 0, 0, 0, 0, 0.25, 0.25, 0.25, 0.5, 0.5, 0.25, 0, 0, 0, 0, 0, 0, 0, 0, 0, 0, 0, 0, 0, 0, 0
'16:57:10', 0, 0.25, 1, 0, 0, 0, 0, 0, 0, 0, 0.25, 0, 0, 0, 0, 0, 0, 0, 0, 0, 0, 0, 1, 1, 0, 0, 0, 0, 0, 0, 0, 0, 0.25, 0, 0, 0, 0, 0, 0, 0
'16:57:11', 0.25, 0, 1, 0, 0, 0, 0, 0, 0.25, 0, 0, 0, 0, 0, 0, 0, 0.25, 0.25, 0.25, 0, 0, 0, 0.5, 0.5, 0, 0, 0, 0, 0, 0, 0, 0, 0, 0, 0.25, 0, 0, 0, 0, 0
'16:57:11', 0.25, 0.25, 0.5, 0, 0, 0, 0, 0, 0.25, 0.25, 0, 0, 0, 0, 0, 0, 0, 0, 0, 0.25, 0.25, 0.25, 0.5, 0.5, 0.25, 0, 0, 0, 0, 0, 0, 0, 0, 0, 0, 0, 0, 0, 0, 0
'16:57:11', 0, 0.25, 1, 0, 0, 0, 0, 0, 0, 0, 0.25, 0, 0, 0, 0, 0, 0, 0, 0, 0, 0, 0, 1, 1, 0, 0, 0, 0, 0, 0, 0, 0, 0.25, 0, 0, 0, 0, 0, 0, 0
'16:57:12', 0.25, 0, 1, 0, 0, 0, 0, 0, 0.25, 0, 0, 0, 0, 0, 0, 0, 0.25, 0.25, 0.25, 0, 0, 0, 0.5, 0.5, 0, 0, 0, 0, 0, 0, 0, 0, 0, 0, 0.25, 0, 0, 0, 0, 0
'16:57:12', 0.25, 0.25, 0.5, 0, 0, 0, 0, 0, 0.25, 0.25, 0, 0, 0, 0, 0, 0, 0, 0, 0, 0.25, 0.25, 0.25, 0.5, 0.5, 0.25, 0, 0, 0, 0, 0, 0, 0, 0, 0, 0, 0, 0, 0, 0, 0
'16:57:12', 0, 0.25, 1, 0, 0, 0, 0, 0, 0, 0, 0.25, 0, 0, 0, 0, 0, 0, 0, 0, 0, 0, 0, 1, 1, 0, 0, 0, 0, 0, 0, 0, 0, 0.25, 0, 0, 0, 0, 0, 0, 0
'16:57:13', 0.25, 0, 1, 0, 0, 0, 0, 0, 0.25, 0, 0, 0, 0, 0, 0, 0, 0.25, 0.25, 0.25, 0, 0, 0, 0.5, 0.5, 0, 0, 0, 0, 0, 0, 0, 0, 0, 0, 0.25, 0, 0, 0, 0, 0
'16:57:13', 0.25, 0.25, 0.5, 0, 0, 0, 0, 0, 0.25, 0.25, 0, 0, 0, 0, 0, 0, 0, 0, 0, 0.25, 0.25, 0.25, 0.5, 0.5, 0.25, 0, 0, 0, 0, 0, 0, 0, 0, 0, 0, 0, 0, 0, 0, 0
'16:57:13', 0, 0.25, 1, 0, 0, 0, 0, 0, 0, 0, 0.25, 0, 0, 0, 0, 0, 0, 0, 0, 0, 0, 0, 1, 1, 0, 0, 0, 0, 0, 0, 0, 0, 0.25, 0, 0, 0, 0, 0, 0, 0
'16:57:14', 1, 0, 0.25, 0, 0, 0, 0, 0, 1, 0, 0, 0, 0, 0, 0, 0, 1, 1, 1, 0, 0, 0, 0, 0, 0, 0, 0, 0, 0, 0, 0, 0, 0, 0, 0.25, 0, 0, 0, 0, 0
'16:57:14', 1, 0.25, 0, 0, 0, 0, 0, 0, 1, 0.25, 0, 0, 0, 0, 0, 0, 0.5, 0.5, 0.5, 0.25, 0.25, 0.25, 0, 0, 0.25, 0, 0, 0, 0, 0, 0, 0, 0, 0, 0, 0, 0, 0, 0, 0
'16:57:14', 0.5, 0.25, 0.25, 0, 0, 0, 0, 0, 0.5, 0, 0.25, 0, 0, 0, 0, 0, 0.5, 0.5, 0.5, 0, 0, 0, 0.25, 0.25, 0, 0, 0, 0, 0, 0, 0, 0, 0.25, 0, 0, 0, 0, 0, 0, 0
'16:57:16', 1, 0, 0.25, 0, 0, 0, 0, 0, 1, 0, 0, 0, 0, 0, 0, 0, 1, 1, 1, 0, 0, 0, 0, 0, 0, 0, 0, 0, 0, 0, 0, 0, 0, 0, 0.25, 0, 0, 0, 0, 0
'16:57:16', 1, 0.25, 0, 0, 0, 0, 0, 0, 1, 0.25, 0, 0, 0, 0, 0, 0, 0.5, 0.5, 0.5, 0.25, 0.25, 0.25, 0, 0, 0.25, 0, 0, 0, 0, 0, 0, 0, 0, 0, 0, 0, 0, 0, 0, 0
'16:57:16', 0.5, 0.25, 0.25, 0, 0, 0, 0, 0, 0.5, 0, 0.25, 0, 0, 0, 0, 0, 0.5, 0.5, 0.5, 0, 0, 0, 0.25, 0.25, 0, 0, 0, 0, 0, 0, 0, 0, 0.25, 0, 0, 0, 0, 0, 0, 0
'16:57:17', 1, 0, 0.25, 0, 0, 0, 0, 0, 1, 0, 0, 0, 0, 0, 0, 0, 1, 1, 1, 0, 0, 0, 0, 0, 0, 0, 0, 0, 0, 0, 0, 0, 0, 0, 0.25, 0, 0, 0, 0, 0
'16:57:17', 1, 0.25, 0, 0, 0, 0, 0, 0, 1, 0.25, 0, 0, 0, 0, 0, 0, 0.5, 0.5, 0.5, 0.25, 0.25, 0.25, 0, 0, 0.25, 0, 0, 0, 0, 0, 0, 0, 0, 0, 0, 0, 0, 0, 0, 0
'16:57:17', 0.5, 0.25, 0.25, 0, 0, 0, 0, 0, 0.5, 0, 0.25, 0, 0, 0, 0, 0, 0.5, 0.5, 0.5, 0, 0, 0, 0.25, 0.25, 0, 0, 0, 0, 0, 0, 0, 0, 0.25, 0, 0, 0, 0, 0, 0, 0
'16:57:18', 1, 0, 0.25, 0, 0, 0, 0, 0, 0.25, 0, 0, 0, 0, 0, 0, 0, 1, 1, 1, 0, 0, 0, 0, 0, 0, 0, 0, 0, 0, 0, 0, 0, 0, 0, 0.25, 0, 0, 0, 0, 0
'16:57:18', 1, 0.25, 0, 0, 0, 0, 0, 0, 0.25, 0.25, 0, 0, 0, 0, 0, 0, 0.5, 0.5, 0.5, 0.25, 0.25, 0.25, 0, 0, 0.25, 0, 0, 0, 0, 0, 0, 0, 0, 0, 0, 0, 0, 0, 0, 0
'16:57:18', 0.5, 0.25, 0.25, 0, 0, 0, 0, 0, 0, 0, 0.25, 0, 0, 0, 0, 0, 0.5, 0.5, 0.5, 0, 0, 0, 0.25, 0.25, 0, 0, 0, 0, 0, 0, 0, 0, 0.25, 0, 0, 0, 0, 0, 0, 0
'16:57:19', 1, 0, 0.25, 0, 0, 0, 0, 0, 0.25, 0, 0, 0, 0, 0, 0, 0, 1, 1, 1, 0, 0, 0, 0, 0, 0, 0, 0, 0, 0, 0, 0, 0, 0, 0, 0.25, 0, 0, 0, 0, 0
'16:57:19', 1, 0.25, 0, 0, 0, 0, 0, 0, 0.25, 0.25, 0, 0, 0, 0, 0, 0, 0.5, 0.5, 0.5, 0.25, 0.25, 0.25, 0, 0, 0.25, 0, 0, 0, 0, 0, 0, 0, 0, 0, 0, 0, 0, 0, 0, 0
'16:57:19', 0.5, 0.25, 0.25, 0, 0, 0, 0, 0, 0, 0, 0.25, 0, 0, 0, 0, 0, 0.5, 0.5, 0.5, 0, 0, 0, 0.25, 0.25, 0, 0, 0, 0, 0, 0, 0, 0, 0.25, 0, 0, 0, 0, 0, 0, 0
'16:57:20', 1, 0, 0.25, 0, 0, 0, 0, 0, 0.25, 0, 0, 0, 0, 0, 0, 0, 1, 1, 1, 0, 0, 0, 0, 0, 0, 0, 0, 0, 0, 0, 0, 0, 0, 0, 0.25, 0, 0, 0, 0, 0
'16:57:20', 1, 0.25, 0, 0, 0, 0, 0, 0, 0.25, 0.25, 0, 0, 0, 0, 0, 0, 0.5, 0.5, 0.5, 0.25, 0.25, 0.25, 0, 0, 0.25, 0, 0, 0, 0, 0, 0, 0, 0, 0, 0, 0, 0, 0, 0, 0
'16:57:20', 0.5, 0.25, 0.25, 0, 0, 0, 0, 0, 0, 0, 0.25, 0, 0, 0, 0, 0, 0.5, 0.5, 0.5, 0, 0, 0, 0.25, 0.25, 0, 0, 0, 0, 0, 0, 0, 0, 0.25, 0, 0, 0, 0, 0, 0, 0
'16:57:21', 1, 0, 0.25, 0, 0, 0, 0, 0, 0.25, 0, 0, 0, 0, 0, 0, 0, 1, 1, 1, 0, 0, 0, 0, 0, 0, 0, 0, 0, 0, 0, 0, 0, 0, 0, 0.25, 0, 0, 0, 0, 0
'16:57:21', 1, 0.25, 0, 0, 0, 0, 0, 0, 0.25, 0.25, 0, 0, 0, 0, 0, 0, 0.5, 0.5, 0.5, 0.25, 0.25, 0.25, 0, 0, 0.25, 0, 0, 0, 0, 0, 0, 0, 0, 0, 0, 0, 0, 0, 0, 0
'16:57:21', 0.5, 0.25, 0.25, 0, 0, 0, 0, 0, 0, 0, 0.25, 0, 0, 0, 0, 0, 0.5, 0.5, 0.5, 0, 0, 0, 0.25, 0.25, 0, 0, 0, 0, 0, 0, 0, 0, 0.25, 0, 0, 0, 0, 0, 0, 0
'16:57:22', 1, 0, 0.25, 0, 0, 0, 0, 0, 0.25, 0, 0, 0, 0, 0, 0, 0, 1, 1, 1, 0, 0, 0, 0, 0, 0, 0, 0, 0, 0, 0, 0, 0, 0, 0, 0.25, 0, 0, 0, 0, 0
'16:57:22', 1, 0.25, 0, 0, 0, 0, 0, 0, 0.25, 0.25, 0, 0, 0, 0, 0, 0, 0.5, 0.5, 0.5, 0.25, 0.25, 0.25, 0, 0, 0.25, 0, 0, 0, 0, 0, 0, 0, 0, 0, 0, 0, 0, 0, 0, 0
'16:57:22', 0.5, 0.25, 0.25, 0, 0, 0, 0, 0, 0, 0, 0.25, 0, 0, 0, 0, 0, 0.5, 0.5, 0.5, 0, 0, 0, 0.25, 0.25, 0, 0, 0, 0, 0, 0, 0, 0, 0.25, 0, 0, 0, 0, 0, 0, 0
'16:57:23', 1, 0, 0.25, 0, 0, 0, 0, 0, 0.25, 0, 0, 0, 0, 0, 0, 0, 1, 1, 1, 0, 0, 0, 0, 0, 0, 0, 0, 0, 0, 0, 0, 0, 0, 0, 0.25, 0, 0, 0, 0, 0
'16:57:23', 1, 0.25, 0, 0, 0, 0, 0, 0, 0.25, 0.25, 0, 0, 0, 0, 0, 0, 0.5, 0.5, 0.5, 0.25, 0.25, 0.25, 0, 0, 0.25, 0, 0, 0, 0, 0, 0, 0, 0, 0, 0, 0, 0, 0, 0, 0
'16:57:23', 0.5, 0.25, 0.25, 0, 0, 0, 0, 0, 0, 0, 0.25, 0, 0, 0, 0, 0, 0.5, 0.5, 0.5, 0, 0, 0, 0.25, 0.25, 0, 0, 0, 0, 0, 0, 0, 0, 0.25, 0, 0, 0, 0, 0, 0, 0
'16:57:24', 1, 0, 0.25, 0, 0, 0, 0, 0, 0.25, 0, 0, 0, 0, 0, 0, 0, 1, 1, 1, 0, 0, 0, 0, 0, 0, 0, 0, 0, 0, 0, 0, 0, 0, 0, 0.25, 0, 0, 0, 0, 0
'16:57:24', 1, 0.25, 0, 0, 0, 0, 0, 0, 0.25, 0.25, 0, 0, 0, 0, 0, 0, 0.5, 0.5, 0.5, 0.25, 0.25, 0.25, 0, 0, 0.25, 0, 0, 0, 0, 0, 0, 0, 0, 0, 0, 0, 0, 0, 0, 0
'16:57:24', 0.5, 0.25, 0.25, 0, 0, 0, 0, 0, 0, 0, 0.25, 0, 0, 0, 0, 0, 0.5, 0.5, 0.5, 0, 0, 0, 0.25, 0.25, 0, 0, 0, 0, 0, 0, 0, 0, 0.25, 0, 0, 0, 0, 0, 0, 0
'16:57:25', 1, 0, 0.25, 0, 0, 0, 0, 0, 0.25, 0, 0, 0, 0, 0, 0, 0, 1, 1, 1, 0, 0, 0, 0, 0, 0, 0, 0, 0, 0, 0, 0, 0, 0, 0, 0.25, 0, 0, 0, 0, 0
'16:57:25', 1, 0.25, 0, 0, 0, 0, 0, 0, 0.25, 0.25, 0, 0, 0, 0, 0, 0, 0.5, 0.5, 0.5, 0.25, 0.25, 0.25, 0, 0, 0.25, 0, 0, 0, 0, 0, 0, 0, 0, 0, 0, 0, 0, 0, 0, 0
'16:57:25', 0.5, 0.25, 0.25, 0, 0, 0, 0, 0, 0, 0, 0.25, 0, 0, 0, 0, 0, 0.5, 0.5, 0.5, 0, 0, 0, 0.25, 0.25, 0, 0, 0, 0, 0, 0, 0, 0, 0.25, 0, 0, 0, 0, 0, 0, 0
'16:57:26', 1, 0, 0.25, 0, 0, 0, 0, 0, 0.25, 0, 0, 0, 0, 0, 0, 0, 1, 1, 1, 0, 0, 0, 0, 0, 0, 0, 0, 0, 0, 0, 0, 0, 0, 0, 0.25, 0, 0, 0, 0, 0
'16:57:26', 1, 0.25, 0, 0, 0, 0, 0, 0, 0.25, 0.25, 0, 0, 0, 0, 0, 0, 0.5, 0.5, 0.5, 0.25, 0.25, 0.25, 0, 0, 0.25, 0, 0, 0, 0, 0, 0, 0, 0, 0, 0, 0, 0, 0, 0, 0
'16:57:26', 0.5, 0.25, 0.25, 0, 0, 0, 0, 0, 0, 0, 0.25, 0, 0, 0, 0, 0, 0.5, 0.5, 0.5, 0, 0, 0, 0.25, 0.25, 0, 0, 0, 0, 0, 0, 0, 0, 0.25, 0, 0, 0, 0, 0, 0, 0
'16:57:27', 1, 0, 0.25, 0, 0, 0, 0, 0, 0.25, 0, 0, 0, 0, 0, 0, 0, 1, 1, 1, 0, 0, 0, 0, 0, 0, 0, 0, 0, 0, 0, 0, 0, 0, 0, 0.25, 0, 0, 0, 0, 0
'16:57:27', 1, 0.25, 0, 0, 0, 0, 0, 0, 0.25, 0.25, 0, 0, 0, 0, 0, 0, 0.5, 0.5, 0.5, 0.25, 0.25, 0.25, 0, 0, 0.25, 0, 0, 0, 0, 0, 0, 0, 0, 0, 0, 0, 0, 0, 0, 0
'16:57:27', 0.5, 0.25, 0.25, 0, 0, 0, 0, 0, 0, 0, 0.25, 0, 0, 0, 0, 0, 0.5, 0.5, 0.5, 0, 0, 0, 0.25, 0.25, 0, 0, 0, 0, 0, 0, 0, 0, 0.25, 0, 0, 0, 0, 0, 0, 0
'16:57:28', 1, 0, 0.25, 0, 0, 0, 0, 0, 0.25, 0, 0, 0, 0, 0, 0, 0, 1, 1, 1, 0, 0, 0, 0, 0, 0, 0, 0, 0, 0, 0, 0, 0, 0, 0, 0.25, 0, 0, 0, 0, 0
'16:57:28', 1, 0.25, 0, 0, 0, 0, 0, 0, 0.25, 0.25, 0, 0, 0, 0, 0, 0, 0.5, 0.5, 0.5, 0.25, 0.25, 0.25, 0, 0, 0.25, 0, 0, 0, 0, 0, 0, 0, 0, 0, 0, 0, 0, 0, 0, 0
'16:57:28', 0.5, 0.25, 0.25, 0, 0, 0, 0, 0, 0, 0, 0.25, 0, 0, 0, 0, 0, 0.5, 0.5, 0.5, 0, 0, 0, 0.25, 0.25, 0, 0, 0, 0, 0, 0, 0, 0, 0.25, 0, 0, 0, 0, 0, 0, 0
'16:57:29', 1, 0, 0.25, 0, 0, 0, 0, 0, 0.25, 0, 0, 0, 0, 0, 0, 0, 1, 1, 1, 0, 0, 0, 0, 0, 0, 0, 0, 0, 0, 0, 0, 0, 0, 0, 0.25, 0, 0, 0, 0, 0
'16:57:29', 1, 0.25, 0, 0, 0, 0, 0, 0, 0.25, 0.25, 0, 0, 0, 0, 0, 0, 0.5, 0.5, 0.5, 0.25, 0.25, 0.25, 0, 0, 0.25, 0, 0, 0, 0, 0, 0, 0, 0, 0, 0, 0, 0, 0, 0, 0
'16:57:29', 0.5, 0.25, 0.25, 0, 0, 0, 0, 0, 0, 0, 0.25, 0, 0, 0, 0, 0, 0.5, 0.5, 0.5, 0, 0, 0, 0.25, 0.25, 0, 0, 0, 0, 0, 0, 0, 0, 0.25, 0, 0, 0, 0, 0, 0, 0
'16:57:30', 1, 0, 0.25, 0, 0, 0, 0, 0, 0.25, 0, 0, 0, 0, 0, 0, 0, 1, 1, 1, 0, 0, 0, 0, 0, 0, 0, 0, 0, 0, 0, 0, 0, 0, 0, 0.25, 0, 0, 0, 0, 0
'16:57:30', 1, 0.25, 0, 0, 0, 0, 0, 0, 0.25, 0.25, 0, 0, 0, 0, 0, 0, 0.5, 0.5, 0.5, 0.25, 0.25, 0.25, 0, 0, 0.25, 0, 0, 0, 0, 0, 0, 0, 0, 0, 0, 0, 0, 0, 0, 0
'16:57:30', 0.5, 0.25, 0.25, 0, 0, 0, 0, 0, 0, 0, 0.25, 0, 0, 0, 0, 0, 0.5, 0.5, 0.5, 0, 0, 0, 0.25, 0.25, 0, 0, 0, 0, 0, 0, 0, 0, 0.25, 0, 0, 0, 0, 0, 0, 0
'16:57:31', 1, 0, 0.25, 0, 0, 0, 0, 0, 0.25, 0, 0, 0, 0, 0, 0, 0, 1, 1, 1, 0, 0, 0, 0, 0, 0, 0, 0, 0, 0, 0, 0, 0, 0, 0, 0.25, 0, 0, 0, 0, 0
'16:57:31', 1, 0.25, 0, 0, 0, 0, 0, 0, 0.25, 0.25, 0, 0, 0, 0, 0, 0, 0.5, 0.5, 0.5, 0.25, 0.25, 0.25, 0, 0, 0.25, 0, 0, 0, 0, 0, 0, 0, 0, 0, 0, 0, 0, 0, 0, 0
'16:57:31', 0.5, 0.25, 0.25, 0, 0, 0, 0, 0, 0, 0, 0.25, 0, 0, 0, 0, 0, 0.5, 0.5, 0.5, 0, 0, 0, 0.25, 0.25, 0, 0, 0, 0, 0, 0, 0, 0, 0.25, 0, 0, 0, 0, 0, 0, 0
'16:57:32', 1, 0, 0.25, 0, 0, 0, 0, 0, 0.25, 0, 0, 0, 0, 0, 0, 0, 1, 1, 1, 0, 0, 0, 0, 0, 0, 0, 0, 0, 0, 0, 0, 0, 0, 0, 0.25, 0, 0, 0, 0, 0
'16:57:32', 1, 0.25, 0, 0, 0, 0, 0, 0, 0.25, 0.25, 0, 0, 0, 0, 0, 0, 0.5, 0.5, 0.5, 0.25, 0.25, 0.25, 0, 0, 0.25, 0, 0, 0, 0, 0, 0, 0, 0, 0, 0, 0, 0, 0, 0, 0
'16:57:32', 0.5, 0.25, 0.25, 0, 0, 0, 0, 0, 0, 0, 0.25, 0, 0, 0, 0, 0, 0.5, 0.5, 0.5, 0, 0, 0, 0.25, 0.25, 0, 0, 0, 0, 0, 0, 0, 0, 0.25, 0, 0, 0, 0, 0, 0, 0
'16:57:33', 1, 0, 0.25, 0, 0, 0, 0, 0, 0.25, 0, 0, 0, 0, 0, 0, 0, 1, 1, 1, 0, 0, 0, 0, 0, 0, 0, 0, 0, 0, 0, 0, 0, 0, 0, 0.25, 0, 0, 0, 0, 0
'16:57:33', 1, 0.25, 0, 0, 0, 0, 0, 0, 0.25, 0.25, 0, 0, 0, 0, 0, 0, 0.5, 0.5, 0.5, 0.25, 0.25, 0.25, 0, 0, 0.25, 0, 0, 0, 0, 0, 0, 0, 0, 0, 0, 0, 0, 0, 0, 0
'16:57:33', 0.5, 0.25, 0.25, 0, 0, 0, 0, 0, 0, 0, 0.25, 0, 0, 0, 0, 0, 0.5, 0.5, 0.5, 0, 0, 0, 0.25, 0.25, 0, 0, 0, 0, 0, 0, 0, 0, 0.25, 0, 0, 0, 0, 0, 0, 0
'16:57:35', 1, 0, 0.25, 0, 0, 0, 0, 0, 0.25, 0, 0, 0, 0, 0, 0, 0, 1, 1, 1, 0, 0, 0, 0, 0, 0, 0, 0, 0, 0, 0, 0, 0, 0, 0, 0.25, 0, 0, 0, 0, 0
'16:57:35', 1, 0.25, 0, 0, 0, 0, 0, 0, 0.25, 0.25, 0, 0, 0, 0, 0, 0, 0.5, 0.5, 0.5, 0.25, 0.25, 0.25, 0, 0, 0.25, 0, 0, 0, 0, 0, 0, 0, 0, 0, 0, 0, 0, 0, 0, 0
'16:57:35', 0.5, 0.25, 0.25, 0, 0, 0, 0, 0, 0, 0, 0.25, 0, 0, 0, 0, 0, 0.5, 0.5, 0.5, 0, 0, 0, 0.25, 0.25, 0, 0, 0, 0, 0, 0, 0, 0, 0.25, 0, 0, 0, 0, 0, 0, 0
'16:57:36', 1, 0, 0.25, 0, 0, 0, 0, 0, 0.25, 0, 0, 0, 0, 0, 0, 0, 1, 1, 1, 0, 0, 0, 0, 0, 0, 0, 0, 0, 0, 0, 0, 0, 0, 0, 0.25, 0, 0, 0, 0, 0
'16:57:36', 1, 0.25, 0, 0, 0, 0, 0, 0, 0.25, 0.25, 0, 0, 0, 0, 0, 0, 0.5, 0.5, 0.5, 0.25, 0.25, 0.25, 0, 0, 0.25, 0, 0, 0, 0, 0, 0, 0, 0, 0, 0, 0, 0, 0, 0, 0
'16:57:36', 0.5, 0.25, 0.25, 0, 0, 0, 0, 0, 0, 0, 0.25, 0, 0, 0, 0, 0, 0.5, 0.5, 0.5, 0, 0, 0, 0.25, 0.25, 0, 0, 0, 0, 0, 0, 0, 0, 0.25, 0, 0, 0, 0, 0, 0, 0
'16:57:37', 1, 0, 0.25, 0, 0, 0, 0, 0, 0.25, 0, 0, 0, 0, 0, 0, 0, 1, 1, 1, 0, 0, 0, 0, 0, 0, 0, 0, 0, 0, 0, 0, 0, 0, 0, 0.25, 0, 0, 0, 0, 0
'16:57:37', 1, 0.25, 0, 0, 0, 0, 0, 0, 0, 0.25, 0, 0, 0, 0, 0, 0, 0.5, 0.5, 0.5, 0.25, 0.25, 0.25, 0, 0, 0, 0, 0, 0, 0, 0, 0, 0, 0, 0, 0, 0, 0, 0, 0, 0
'16:57:37', 0.5, 0.25, 0.25, 0, 0, 0, 0, 0, 0, 0, 0.25, 0, 0, 0, 0, 0, 0.5, 0.5, 0.5, 0, 0, 0, 0.25, 0.25, 0, 0, 0, 0, 0, 0, 0, 0, 0.25, 0, 0, 0, 0, 0, 0, 0
'16:57:38', 1, 0, 0.25, 0, 0, 0, 0, 0, 0.25, 0, 0, 0, 0, 0, 0, 0, 1, 1, 1, 0, 0, 0, 0, 0, 0, 0, 0, 0, 0, 0, 0, 0, 0, 0, 0.25, 0, 0, 0, 0, 0
'16:57:38', 1, 0.25, 0, 0, 0, 0, 0, 0, 0, 0.25, 0, 0, 0, 0, 0, 0, 0.5, 0.5, 0.5, 0.25, 0.25, 0.25, 0, 0, 0, 0, 0, 0, 0, 0, 0, 0, 0, 0, 0, 0, 0, 0, 0, 0
'16:57:38', 0.5, 0.25, 0.25, 0, 0, 0, 0, 0, 0, 0, 0.25, 0, 0, 0, 0, 0, 0.5, 0.5, 0.5, 0, 0.25, 0, 0.25, 0.25, 0, 0, 0, 0, 0, 0, 0, 0, 0.25, 0, 0, 0, 0, 0, 0, 0
'16:57:39', 1, 0, 0.25, 0, 0, 0, 0, 0, 0.25, 0, 0, 0, 0, 0, 0, 0, 1, 1, 1, 0, 0, 0, 0, 0, 0, 0, 0, 0, 0, 0, 0, 0, 0, 0, 0.25, 0, 0, 0, 0, 0
'16:57:39', 1, 0.25, 0, 0, 0, 0, 0, 0, 0, 0.25, 0, 0, 0, 0, 0, 0, 0.5, 0.5, 0.5, 0.25, 0.25, 0.25, 0, 0, 0, 0, 0, 0, 0, 0, 0, 0, 0, 0, 0, 0, 0, 0, 0, 0
'16:57:39', 0.5, 0.25, 0.25, 0, 0, 0, 0, 0, 0, 0, 0.25, 0, 0, 0, 0, 0, 0.5, 0.5, 0.5, 0, 0.25, 0, 0.25, 0.25, 0, 0, 0, 0, 0, 0, 0, 0, 0.25, 0, 0, 0, 0, 0, 0, 0
'16:57:40', 1, 0, 0.25, 0, 0, 0, 0, 0, 0.25, 0, 0, 0, 0, 0, 0, 0, 1, 1, 1, 0, 0, 0, 0, 0, 0, 0, 0, 0, 0, 0, 0, 0, 0, 0, 0.25, 0, 0, 0, 0, 0
'16:57:40', 1, 0.25, 0, 0, 0, 0, 0, 0, 0, 0.25, 0, 0, 0, 0, 0, 0, 0.5, 0.5, 0.5, 0.25, 0.25, 0.25, 0, 0, 0, 0, 0, 0, 0, 0, 0, 0, 0, 0, 0, 0, 0, 0, 0, 0
'16:57:40', 0.5, 0.25, 0.25, 0, 0, 0, 0, 0, 0, 0, 0.25, 0, 0, 0, 0, 0, 0.5, 0.5, 0.5, 0, 0.25, 0, 0.25, 0.25, 0, 0, 0, 0, 0, 0, 0, 0, 0.25, 0, 0, 0, 0, 0, 0, 0
'16:57:41', 1, 0, 0.25, 0, 0, 0, 0, 0, 0.25, 0, 0, 0, 0, 0, 0, 0, 1, 1, 1, 0, 0, 0, 0, 0, 0, 0, 0, 0, 0, 0, 0, 0, 0, 0, 0.25, 0, 0, 0, 0, 0
'16:57:41', 1, 0.25, 0, 0, 0, 0, 0, 0, 0, 0.25, 0, 0, 0, 0, 0, 0, 0.5, 0.5, 0.5, 0.25, 0.25, 0.25, 0, 0, 0, 0, 0, 0, 0, 0, 0, 0, 0, 0, 0, 0, 0, 0, 0, 0
'16:57:41', 0.5, 0.25, 0.25, 0, 0, 0, 0, 0, 0, 0, 0.25, 0, 0, 0, 0, 0, 0.5, 0.5, 0.5, 0, 0.25, 0, 0.25, 0.25, 0, 0, 0, 0, 0, 0, 0, 0, 0.25, 0, 0, 0, 0, 0, 0, 0
'16:57:42', 1, 0, 0.25, 0, 0, 0, 0, 0, 0.25, 0, 0, 0, 0, 0, 0, 0, 1, 1, 1, 0, 0, 0, 0, 0, 0, 0, 0, 0, 0, 0, 0, 0, 0, 0, 0.25, 0, 0, 0, 0, 0
'16:57:42', 1, 0.25, 0, 0, 0, 0, 0, 0, 0, 0.25, 0, 0, 0, 0, 0, 0, 0.5, 0.5, 0.5, 0.25, 0.25, 0.25, 0, 0, 0, 0, 0, 0, 0, 0, 0, 0, 0, 0, 0, 0, 0, 0, 0, 0
'16:57:42', 0.5, 0.25, 0.25, 0, 0, 0, 0, 0, 0, 0, 0.25, 0, 0, 0, 0, 0, 0.5, 0.5, 0.5, 0, 0.25, 0, 0.25, 0.25, 0, 0, 0, 0, 0, 0, 0, 0, 0.25, 0, 0, 0, 0, 0, 0, 0
'16:57:43', 1, 0, 0.25, 0, 0, 0, 0, 0, 0.25, 0, 0, 0, 0, 0, 0, 0, 1, 1, 1, 0, 0, 0, 0, 0, 0, 0, 0, 0, 0, 0, 0, 0, 0, 0, 0.25, 0, 0, 0, 0, 0
'16:57:43', 1, 0.25, 0, 0, 0, 0, 0, 0, 0, 0.25, 0, 0, 0, 0, 0, 0, 0.5, 0.5, 0.5, 0.25, 0.25, 0.25, 0, 0, 0, 0, 0, 0, 0, 0, 0, 0, 0, 0, 0, 0, 0, 0, 0, 0
'16:57:43', 0.5, 0.25, 0.25, 0, 0, 0, 0, 0, 0, 0, 0.25, 0, 0, 0, 0, 0, 0.5, 0.5, 0.5, 0, 0.25, 0, 0.25, 0.25, 0, 0, 0, 0, 0, 0, 0, 0, 0.25, 0, 0, 0, 0, 0, 0, 0
'16:57:44', 1, 0, 0.25, 0, 0, 0, 0, 0, 0.25, 0, 0, 0, 0, 0, 0, 0, 1, 1, 1, 0, 0, 0, 0, 0, 0, 0, 0, 0, 0, 0, 0, 0, 0, 0, 0.25, 0, 0, 0, 0, 0
'16:57:44', 1, 0.25, 0, 0, 0, 0, 0, 0, 0, 0.25, 0, 0, 0, 0, 0, 0, 0.5, 0.5, 0.5, 0.25, 0.25, 0.25, 0, 0, 0, 0, 0, 0, 0, 0, 0, 0, 0, 0, 0, 0, 0, 0, 0, 0
'16:57:44', 0.5, 0.25, 0.25, 0, 0, 0, 0, 0, 0, 0, 0.25, 0, 0, 0, 0, 0, 0.5, 0.5, 0.5, 0, 0.25, 0, 0.25, 0.25, 0, 0, 0, 0, 0, 0, 0, 0, 0.25, 0, 0, 0, 0, 0, 0, 0
'16:57:45', 1, 0, 0.25, 0, 0, 0, 0, 0, 0.25, 0, 0, 0, 0, 0, 0, 0, 1, 1, 1, 0, 0, 0, 0, 0, 0, 0, 0, 0, 0, 0, 0, 0, 0, 0, 0.25, 0, 0, 0, 0, 0
'16:57:45', 1, 0.25, 0, 0, 0, 0, 0, 0, 0, 0.25, 0, 0, 0, 0, 0, 0, 0.5, 0.5, 0.5, 0.25, 0.25, 0.25, 0, 0, 0, 0, 0, 0, 0, 0, 0, 0, 0, 0, 0, 0, 0, 0, 0, 0
'16:57:45', 0.5, 0.25, 0.25, 0, 0, 0, 0, 0, 0, 0, 0.25, 0, 0, 0, 0, 0, 0.5, 0.5, 0.5, 0, 0.25, 0, 0.25, 0.25, 0, 0, 0, 0, 0, 0, 0, 0, 0.25, 0, 0, 0, 0, 0, 0, 0
'16:57:46', 1, 0, 0.25, 0, 0, 0, 0, 0, 0.25, 0, 0, 0, 0, 0, 0, 0, 1, 1, 1, 0, 0, 0, 0, 0, 0, 0, 0, 0, 0, 0, 0, 0, 0, 0, 0.25, 0, 0, 0, 0, 0
'16:57:46', 1, 0.25, 0, 0, 0, 0, 0, 0, 0, 0.25, 0, 0, 0, 0, 0, 0, 0.5, 0.5, 0.5, 0.25, 0.25, 0.25, 0, 0, 0, 0, 0, 0, 0, 0, 0, 0, 0, 0, 0, 0, 0, 0, 0, 0
'16:57:46', 0.5, 0.25, 0.25, 0, 0, 0, 0, 0, 0, 0, 0.25, 0, 0, 0, 0, 0, 0.5, 0.5, 0.5, 0, 0.25, 0, 0.25, 0.25, 0, 0, 0, 0, 0, 0, 0, 0, 0.25, 0, 0, 0, 0, 0, 0, 0
'16:57:47', 1, 0, 0.25, 0, 0, 0, 0, 0, 0.25, 0, 0, 0, 0, 0, 0, 0, 1, 1, 1, 0, 0, 0, 0, 0, 0, 0, 0, 0, 0, 0, 0, 0, 0, 0, 0.25, 0, 0, 0, 0, 0
'16:57:47', 1, 0.25, 0, 0, 0, 0, 0, 0, 0, 0.25, 0, 0, 0, 0, 0, 0, 0.5, 0.5, 0.5, 0.25, 0.25, 0.25, 0, 0, 0, 0, 0, 0, 0, 0, 0, 0, 0, 0, 0, 0, 0, 0, 0, 0
'16:57:47', 0.5, 0.25, 0.25, 0, 0, 0, 0, 0, 0, 0, 0.25, 0, 0, 0, 0, 0, 0.5, 0.5, 0.5, 0, 0.25, 0, 0.25, 0.25, 0, 0, 0, 0, 0, 0, 0, 0, 0.25, 0, 0, 0, 0, 0, 0, 0
'16:57:48', 1, 0, 0.25, 0, 0, 0, 0, 0, 0.25, 0, 0, 0, 0, 0, 0, 0, 1, 1, 1, 0, 0, 0, 0, 0, 0, 0, 0, 0, 0, 0, 0, 0, 0, 0, 0.25, 0, 0, 0, 0, 0
'16:57:48', 1, 0.25, 0, 0, 0, 0, 0, 0, 0, 0.25, 0, 0, 0, 0, 0, 0, 0.5, 0.5, 0.5, 0.25, 0.25, 0.25, 0, 0, 0, 0, 0, 0, 0, 0, 0, 0, 0, 0, 0, 0, 0, 0, 0, 0
'16:57:48', 0.5, 0.25, 0.25, 0, 0, 0, 0, 0, 0, 0, 0.25, 0, 0, 0, 0, 0, 0.5, 0.5, 0.5, 0, 0.25, 0, 0.25, 0.25, 0, 0, 0, 0, 0, 0, 0, 0, 0.25, 0, 0, 0, 0, 0, 0, 0
'16:57:49', 1, 0, 0.25, 0, 0, 0, 0, 0, 0.25, 0, 0, 0, 0, 0, 0, 0, 1, 1, 1, 0, 0, 0, 0, 0, 0, 0, 0, 0, 0, 0, 0, 0, 0, 0, 0.25, 0, 0, 0, 0, 0
'16:57:49', 1, 0.25, 0, 0, 0, 0, 0, 0, 0, 0.25, 0, 0, 0, 0, 0, 0, 0.5, 0.5, 0.5, 0.25, 0.25, 0.25, 0, 0, 0, 0, 0, 0, 0, 0, 0, 0, 0, 0, 0, 0, 0, 0, 0, 0
'16:57:49', 0.5, 0.25, 0.25, 0, 0, 0, 0, 0, 0, 0, 0.25, 0, 0, 0, 0, 0, 0.5, 0.5, 0.5, 0, 0.25, 0, 0.25, 0.25, 0, 0, 0, 0, 0, 0, 0, 0, 0.25, 0, 0, 0, 0, 0, 0, 0
'16:57:50', 1, 0, 0.25, 0, 0, 0, 0, 0, 0.25, 0, 0, 0, 0, 0, 0, 0, 1, 1, 1, 0, 0, 0, 0, 0, 0, 0, 0, 0, 0, 0, 0, 0, 0, 0, 0.25, 0, 0, 0, 0, 0
'16:57:50', 1, 0.25, 0, 0, 0, 0, 0, 0, 0, 0.25, 0, 0, 0, 0, 0, 0, 0.5, 0.5, 0.5, 0.25, 0.25, 0.25, 0, 0, 0, 0, 0, 0, 0, 0, 0, 0, 0, 0, 0, 0, 0, 0, 0, 0
'16:57:50', 0.5, 0.25, 0.25, 0, 0, 0, 0, 0, 0, 0, 0.25, 0, 0, 0, 0, 0, 0.5, 0.5, 0.5, 0, 0.25, 0, 0.25, 0.25, 0, 0, 0, 0, 0, 0, 0, 0, 0.25, 0, 0, 0, 0, 0, 0, 0
'16:57:51', 1, 0, 0.25, 0, 0, 0, 0, 0, 0.25, 0, 0, 0, 0, 0, 0, 0, 1, 1, 1, 0, 0, 0, 0, 0, 0, 0, 0, 0, 0, 0, 0, 0, 0, 0, 0.25, 0, 0, 0, 0, 0
'16:57:51', 1, 0.25, 0, 0, 0, 0, 0, 0, 0, 0.25, 0, 0, 0, 0, 0, 0, 0.5, 0.5, 0.5, 0.25, 0.25, 0.25, 0, 0, 0, 0, 0, 0, 0, 0, 0, 0, 0, 0, 0, 0, 0, 0, 0, 0
'16:57:51', 0.5, 0.25, 0.25, 0, 0, 0, 0, 0, 0, 0, 0.25, 0, 0, 0, 0, 0, 0.5, 0.5, 0.5, 0, 0.25, 0, 0.25, 0.25, 0, 0, 0, 0, 0, 0, 0, 0, 0.25, 0, 0, 0, 0, 0, 0, 0
'16:57:52', 1, 0, 0.25, 0, 0, 0, 0, 0, 0.25, 0, 0, 0, 0, 0, 0, 0, 1, 1, 1, 0, 0, 0, 0, 0, 0, 0, 0, 0, 0, 0, 0, 0, 0, 0, 0.25, 0, 0, 0, 0, 0
'16:57:52', 1, 0.25, 0, 0, 0, 0, 0, 0, 0, 0.25, 0, 0, 0, 0, 0, 0, 0.5, 0.5, 0.5, 0.25, 0.25, 0.25, 0, 0, 0, 0, 0, 0, 0, 0, 0, 0, 0, 0, 0, 0, 0, 0, 0, 0
'16:57:52', 0.5, 0.25, 0.25, 0, 0, 0, 0, 0, 0, 0, 0.25, 0, 0, 0, 0, 0, 0.5, 0.5, 0.5, 0, 0.25, 0, 0.25, 0.25, 0, 0, 0, 0, 0, 0, 0, 0, 0.25, 0, 0, 0, 0, 0, 0, 0
'16:57:53', 1, 0, 0.25, 0, 0, 0, 0, 0, 0.25, 0, 0, 0, 0, 0, 0, 0, 1, 1, 1, 0, 0, 0, 0, 0, 0, 0, 0, 0, 0, 0, 0, 0, 0, 0, 0.25, 0, 0, 0, 0, 0
'16:57:53', 1, 0.25, 0, 0, 0, 0, 0, 0, 0, 0.25, 0, 0, 0, 0, 0, 0, 0.5, 0.5, 0.5, 0.25, 0.25, 0.25, 0, 0, 0, 0, 0, 0, 0, 0, 0, 0, 0, 0, 0, 0, 0, 0, 0, 0
'16:57:53', 0.5, 0.25, 0.25, 0, 0, 0, 0, 0, 0, 0, 0.25, 0, 0, 0, 0, 0, 0.5, 0.5, 0.5, 0, 0.25, 0, 0.25, 0.25, 0, 0, 0, 0, 0, 0, 0, 0, 0.25, 0, 0, 0, 0, 0, 0, 0
'16:57:54', 1, 0, 0.25, 0, 0, 0, 0, 0, 0.25, 0, 0, 0, 0, 0, 0, 0, 1, 1, 1, 0, 0, 0, 0, 0, 0, 0, 0, 0, 0, 0, 0, 0, 0, 0, 0.25, 0, 0, 0, 0, 0
'16:57:54', 1, 0.25, 0, 0, 0, 0, 0, 0, 0, 0.25, 0, 0, 0, 0, 0, 0, 0.5, 0.5, 0.5, 0.25, 0.25, 0.25, 0, 0, 0, 0, 0, 0, 0, 0, 0, 0, 0, 0, 0, 0, 0, 0, 0, 0
'16:57:54', 0.5, 0.25, 0.25, 0, 0, 0, 0, 0, 0, 0, 0.25, 0, 0, 0, 0, 0, 0.5, 0.5, 0.5, 0, 0.25, 0, 0.25, 0.25, 0, 0, 0, 0, 0, 0, 0, 0, 0.25, 0, 0, 0, 0, 0, 0, 0
'16:57:55', 1, 0, 0.25, 0, 0, 0, 0, 0, 0.25, 0, 0, 0, 0, 0, 0, 0, 1, 1, 1, 0, 0, 0, 0, 0, 0, 0, 0, 0, 0, 0, 0, 0, 0, 0, 0.25, 0, 0, 0, 0, 0
'16:57:55', 1, 0.25, 0, 0, 0, 0, 0, 0, 0, 0.25, 0, 0, 0, 0, 0, 0, 0.5, 0.5, 0.5, 0.25, 0.25, 0.25, 0, 0, 0, 0, 0, 0, 0, 0, 0, 0, 0, 0, 0, 0, 0, 0, 0, 0
'16:57:55', 0.5, 0.25, 0.25, 0, 0, 0, 0, 0, 0, 0, 0.25, 0, 0, 0, 0, 0, 0.5, 0.5, 0.5, 0, 0.25, 0, 0.25, 0.25, 0, 0, 0, 0, 0, 0, 0, 0, 0.25, 0, 0, 0, 0, 0, 0, 0
'16:57:56', 1, 0, 0.25, 0, 0, 0, 0, 0, 0.25, 0, 0, 0, 0, 0, 0, 0, 1, 1, 1, 0, 0, 0, 0, 0, 0, 0, 0, 0, 0, 0, 0, 0, 0, 0, 0.25, 0, 0, 0, 0, 0
'16:57:56', 1, 0.25, 0, 0, 0, 0, 0, 0, 0, 0.25, 0, 0, 0, 0, 0, 0, 0.5, 0.5, 0.5, 0.25, 0.25, 0.25, 0, 0, 0, 0, 0, 0, 0, 0, 0, 0, 0, 0, 0, 0, 0, 0, 0, 0
'16:57:56', 0.5, 0.25, 0.25, 0, 0, 0, 0, 0, 0, 0, 0.25, 0, 0, 0, 0, 0, 0.5, 0.5, 0.5, 0, 0.25, 0, 0.25, 0.25, 0, 0, 0, 0, 0, 0, 0, 0, 0.25, 0, 0, 0, 0, 0, 0, 0
'16:57:57', 1, 0, 0.25, 0, 0, 0, 0, 0, 0.25, 0, 0, 0, 0, 0, 0, 0, 1, 1, 1, 0, 0, 0, 0, 0, 0, 0, 0, 0, 0, 0, 0, 0, 0, 0, 0.25, 0, 0, 0, 0, 0
'16:57:57', 1, 0.25, 0, 0, 0, 0, 0, 0, 0, 0.25, 0, 0, 0, 0, 0, 0, 0.5, 0.5, 0.5, 0.25, 0.25, 0.25, 0, 0, 0, 0, 0, 0, 0, 0, 0, 0, 0, 0, 0, 0, 0, 0, 0, 0
'16:57:57', 0.5, 0.25, 0.25, 0, 0, 0, 0, 0, 0, 0, 0.25, 0, 0, 0, 0, 0, 0.5, 0.5, 0.5, 0, 0.25, 0, 0.25, 0.25, 0, 0, 0, 0, 0, 0, 0, 0, 0.25, 0, 0, 0, 0, 0, 0, 0
'16:57:58', 1, 0, 0.25, 0, 0, 0, 0, 0, 0.25, 0, 0, 0, 0, 0, 0, 0, 1, 1, 1, 0, 0, 0, 0, 0, 0, 0, 0, 0, 0, 0, 0, 0, 0, 0, 0.25, 0, 0, 0, 0, 0
'16:57:58', 1, 0.25, 0, 0, 0, 0, 0, 0, 0, 0.25, 0, 0, 0, 0, 0, 0, 0.5, 0.5, 0.5, 0.25, 0.25, 0.25, 0, 0, 0, 0, 0, 0, 0, 0, 0, 0, 0, 0, 0, 0, 0, 0, 0, 0
'16:57:58', 0.5, 0.25, 0.25, 0, 0, 0, 0, 0, 0, 0, 0.25, 0, 0, 0, 0, 0, 0.5, 0.5, 0.5, 0, 0.25, 0, 0.25, 0.25, 0, 0, 0, 0, 0, 0, 0, 0, 0.25, 0, 0, 0, 0, 0, 0, 0
'16:57:59', 1, 0, 0.25, 0, 0, 0, 0, 0, 0.25, 0, 0, 0, 0, 0, 0, 0, 1, 1, 1, 0, 0, 0, 0, 0, 0, 0, 0, 0, 0, 0, 0, 0, 0, 0, 0.25, 0, 0, 0, 0, 0
'16:57:59', 1, 0.25, 0, 0, 0, 0, 0, 0, 0, 0.25, 0, 0, 0, 0, 0, 0, 0.5, 0.5, 0.5, 0.25, 0.25, 0.25, 0, 0, 0, 0, 0, 0, 0, 0, 0, 0, 0, 0, 0, 0, 0, 0, 0, 0
'16:57:59', 0.5, 0.25, 0.25, 0, 0, 0, 0, 0, 0, 0, 0.25, 0, 0, 0, 0, 0, 0.5, 0.5, 0.5, 0, 0.25, 0, 0.25, 0.25, 0, 0, 0, 0, 0, 0, 0, 0, 0.25, 0, 0, 0, 0, 0, 0, 0
'16:58:00', 1, 0, 0.25, 0, 0, 0, 0, 0, 0.25, 0, 0, 0, 0, 0, 0, 0, 1, 1, 1, 0, 0, 0, 0, 0, 0, 0, 0, 0, 0, 0, 0, 0, 0, 0, 0.25, 0, 0, 0, 0, 0
'16:58:00', 1, 0.25, 0, 0, 0, 0, 0, 0, 0, 0.25, 0, 0, 0, 0, 0, 0, 0.5, 0.5, 0.5, 0.25, 0.25, 0.25, 0, 0, 0, 0, 0, 0, 0, 0, 0, 0, 0, 0, 0, 0, 0, 0, 0, 0
'16:58:00', 0.5, 0.25, 0.25, 0, 0, 0, 0, 0, 0, 0, 0.25, 0, 0, 0, 0, 0, 0.5, 0.5, 0.5, 0, 0.25, 0, 0.25, 0.25, 0, 0, 0, 0, 0, 0, 0, 0, 0.25, 0, 0, 0, 0, 0, 0, 0
'16:58:01', 1, 0, 0.25, 0, 0, 0, 0, 0, 0.25, 0, 0, 0, 0, 0, 0, 0, 1, 1, 1, 0, 0, 0, 0, 0, 0, 0, 0, 0, 0, 0, 0, 0, 0, 0, 0.25, 0, 0, 0, 0, 0
'16:58:01', 1, 0.25, 0, 0, 0, 0, 0, 0, 0, 0.25, 0, 0, 0, 0, 0, 0, 0.5, 0.5, 0.5, 0.25, 0.25, 0.25, 0, 0, 0, 0, 0, 0, 0, 0, 0, 0, 0, 0, 0, 0, 0, 0, 0, 0
'16:58:01', 0.5, 0.25, 0.25, 0, 0, 0, 0, 0, 0, 0, 0.25, 0, 0, 0, 0, 0, 0.5, 0.5, 0.5, 0, 0.25, 0, 0.25, 0.25, 0, 0, 0, 0, 0, 0, 0, 0, 0.25, 0, 0, 0, 0, 0, 0, 0
'16:58:02', 1, 0, 0.25, 0, 0, 0, 0, 0, 0.25, 0, 0, 0, 0, 0, 0, 0, 1, 1, 1, 0, 0, 0, 0, 0, 0, 0, 0, 0, 0, 0, 0, 0, 0, 0, 0.25, 0, 0, 0, 0, 0
'16:58:02', 1, 0.25, 0, 0, 0, 0, 0, 0, 0, 0.25, 0, 0, 0, 0, 0, 0, 0.5, 0.5, 0.5, 0.25, 0.25, 0.25, 0, 0, 0, 0, 0, 0, 0, 0, 0, 0, 0, 0, 0, 0, 0, 0, 0, 0
'16:58:02', 0.5, 0.25, 0.25, 0, 0, 0, 0, 0, 0, 0, 0.25, 0, 0, 0, 0, 0, 0.5, 0.5, 0.5, 0, 0.25, 0, 0.25, 0.25, 0, 0, 0, 0, 0, 0, 0, 0, 0.25, 0, 0, 0, 0, 0, 0, 0
'16:58:03', 1, 0, 0.25, 0, 0, 0, 0, 0, 0.25, 0, 0, 0, 0, 0, 0, 0, 1, 1, 1, 0, 0, 0, 0, 0, 0, 0, 0, 0, 0, 0, 0, 0, 0, 0, 0.25, 0, 0, 0, 0, 0
'16:58:03', 1, 0.25, 0, 0, 0, 0, 0, 0, 0, 0.25, 0, 0, 0, 0, 0, 0, 0.5, 0.5, 0.5, 0.25, 0.25, 0.25, 0, 0, 0, 0, 0, 0, 0, 0, 0, 0, 0, 0, 0, 0, 0, 0, 0, 0
'16:58:03', 0.5, 0.25, 0.25, 0, 0, 0, 0, 0, 0, 0, 0.25, 0, 0, 0, 0, 0, 0.5, 0.5, 0.5, 0, 0.25, 0, 0.25, 0.25, 0, 0, 0, 0, 0, 0, 0, 0, 0.25, 0, 0, 0, 0, 0, 0, 0
'16:58:04', 1, 0, 0.25, 0, 0, 0, 0, 0, 0.25, 0, 0, 0, 0, 0, 0, 0, 1, 1, 1, 0, 0, 0, 0, 0, 0, 0, 0, 0, 0, 0, 0, 0, 0, 0, 0.25, 0, 0, 0, 0, 0
'16:58:04', 1, 0.25, 0, 0, 0, 0, 0, 0, 0, 0.25, 0, 0, 0, 0, 0, 0, 0.5, 0.5, 0.5, 0.25, 0.25, 0.25, 0, 0, 0, 0, 0, 0, 0, 0, 0, 0, 0, 0, 0, 0, 0, 0, 0, 0
'16:58:04', 0.5, 0.25, 0.25, 0, 0, 0, 0, 0, 0, 0, 0.25, 0, 0, 0, 0, 0, 0.5, 0.5, 0.5, 0, 0.25, 0, 0.25, 0.25, 0, 0, 0, 0, 0, 0, 0, 0, 0.25, 0, 0, 0, 0, 0, 0, 0